1000800,'1b35495d-aca9-4880-9c03-ea0125f330bf',718,,16906,0,,,0,30,,16909,0,,,0,70,,16933,0,,,0,30,,16915,0,,,0,70,,16934,0,,,0,30,,16912,0,,,0,67,,16936,0,,,0,30,,16907,0,,,0,70,,16904,0,,,0,30,,16937,0,,,0,70,,16930,0,,,0,30,,16932,0,,,0,70,,16908,0,,,0,30,,16914,0,,,0,70,,16920,0,,,0,30,,16939,0,,,0,70,,16928,0,,,0,30,,16903,0,,,0,71,,16927,0,,,0,30,,16929,0,,,0,70,,16924,0,,,0,30,,16926,0,,,0,70,,16925,0,,,0,30,,16938,0,,,0,70,,16911,0,,,0,103,,16935,0,,,0,100,,16921,0,,,0,100,,16916,0,,,0,100,,16922,0,,,0
1000800,'569ca90d-ae31-44bc-8216-83ab4ba1f2e5',518,,16940,0,,,0,30,,16959,0,,,0,70,,16955,0,,,0,30,,16979,0,,,0,70,,16946,0,,,0,30,,16967,0,,,0,70,,16962,0,,,0,30,,16952,0,,,0,70,,16942,0,,,0,30,,16973,0,,,0,67,,16969,0,,,0,30,,16948,0,,,0,70,,16971,0,,,0,30,,16947,0,,,0,70,,16964,0,,,0,30,,16974,0,,,0,70,,16965,0,,,0,30,,16963,0,,,0,70,,16975,0,,,0,30,,16977,0,,,0,70,,16966,0,,,0,30,,16960,0,,,0,71,,16953,0,,,0,30,,16970,0,,,0,70,,16945,0,,,0,30,,16972,0,,,0,70,,16951,0,,,0,30,,16958,0,,,0,70,,16957,0,,,0,103,,16956,0,,,0,100,,16978,0,,,0,100,,16949,0,,,0,100,,16954,0,,,0
1000800,'772cd25b-0e9f-4696-90a0-4adcc6f025f3',918,,17003,0,,,0,97,,17002,0,,,0,100,,16999,0,,,0,100,,16988,0,,,0,100,,17004,0,,,0,100,,16989,0,,,0,100,,16986,0,,,0,101,,16995,0,,,0,100,,16991,0,,,0,100,,16983,0,,,0,100,,16996,0,,,0,103,,16993,0,,,0,100,,17001,0,,,0
1000801,'1b35495d-aca9-4880-9c03-ea0125f330bf',712,,17021,82,4,,0,30,,17014,82,4,,0,61,,17013,251,4,,0,30,,17038,251,4,,0,70,,17026,251,4,,0,31,,17025,251,4,,0,70,,17033,251,4,,0,31,,17023,251,4,,0,70,,17030,251,4,,0,30,,17016,251,4,,0,70,,17007,251,4,,0,32,,17009,251,4,,0,70,,17020,251,4,,0,30,,17017,251,4,,0,70,,17008,251,4,,0,30,,17031,251,4,,0,70,,17019,251,4,,0,30,,17034,251,4,,0,70,,17027,251,4,,0,30,,17018,251,4,,0,72,,17015,251,4,,0,31,,17037,251,4,,0,70,,17036,251,4,,0,28,,17022,251,4,,0,70,,17024,251,4,,0,102,,17012,251,4,,0,96,,17035,251,4,,0,100,,17032,251,4,,0,96,,17010,251,4,,0
1000801,'569ca90d-ae31-44bc-8216-83ab4ba1f2e5',512,,17059,82,4,,0,30,,17061,82,4,,0,70,,17074,82,4,,0,21,,17062,251,4,,0,70,,17046,251,4,,0,30,,17050,251,4,,0,70,,17053,251,4,,0,30,,17039,251,4,,0,70,,17041,251,4,,0,31,,17049,251,4,,0,70,,17045,251,4,,0,31,,17065,251,4,,0,70,,17047,251,4,,0,30,,17048,251,4,,0,70,,17056,251,4,,0,32,,17052,251,4,,0,70,,17057,251,4,,0,30,,17044,251,4,,0,70,,17070,251,4,,0,30,,17073,251,4,,0,70,,17058,251,4,,0,30,,17072,251,4,,0,70,,17042,251,4,,0,30,,17040,251,4,,0,74,,17051,251,4,,0,30,,17069,251,4,,0,70,,17068,251,4,,0,27,,17060,251,4,,0,70,,17064,251,4,,0,102,,17055,251,4,,0,96,,17054,251,4,,0,100,,17066,251,4,,0,96,,17067,251,4,,0
1000801,'772cd25b-0e9f-4696-90a0-4adcc6f025f3',903,,17081,82,4,,0,101,,17075,251,4,,0,103,,17079,251,4,,0,100,,17082,251,4,,0,100,,17086,251,4,,0,100,,17085,251,4,,0,100,,17087,251,4,,0,102,,17083,251,4,,0,100,,17076,251,4,,0,101,,17078,251,4,,0,96,,17077,251,4,,0,100,,17088,251,4,,0,100,,17084,251,4,,0
1001200,'1b35495d-aca9-4880-9c03-ea0125f330bf',619,,17093,0,,,0,30,,17113,0,,,0,70,,17109,0,,,0,30,,17102,0,,,0,70,,17119,0,,,0,30,,17099,0,,,0,70,,17111,0,,,0,30,,17118,0,,,0,71,,17104,0,,,0,33,,17091,0,,,0,73,,17092,0,,,0,30,,17103,0,,,0,70,,17101,0,,,0,80,,17095,0,,,0,30,,17117,0,,,0,70,,17089,0,,,0,30,,17096,0,,,0,80,,17110,0,,,0,30,,17105,0,,,0,70,,17114,0,,,0,30,,17090,0,,,0,83,,17108,0,,,0,30,,17100,0,,,0,70,,17106,0,,,0,30,,17116,0,,,0,73,,17115,0,,,0,70,,17107,0,,,0,30,,17112,0,,,0,100,,17098,0,,,0,100,,17094,0,,,0,100,,17097,0,,,0
1001200,'569ca90d-ae31-44bc-8216-83ab4ba1f2e5',536,,17145,0,,,0,72,,17150,0,,,0,34,,17137,0,,,0,70,,17126,0,,,0,28,,17130,0,,,0,75,,17147,0,,,0,35,,17125,0,,,0,70,,17133,0,,,0,30,,17127,0,,,0,75,,17123,0,,,0,75,,17138,0,,,0,30,,17143,0,,,0,70,,17131,0,,,0,35,,17129,0,,,0,75,,17132,0,,,0,30,,17135,0,,,0,77,,17139,0,,,0,33,,17151,0,,,0,75,,17120,0,,,0,75,,17124,0,,,0,35,,17146,0,,,0,75,,17149,0,,,0,35,,17148,0,,,0,75,,17121,0,,,0,35,,17140,0,,,0,75,,17134,0,,,0,70,,17128,0,,,0,30,,17122,0,,,0,100,,17142,0,,,0,100,,17136,0,,,0,110,,17144,0,,,0
1001200,'772cd25b-0e9f-4696-90a0-4adcc6f025f3',805,,17163,0,,,0,100,,17160,0,,,0,100,,17164,0,,,0,103,,17162,0,,,0,100,,17157,0,,,0,100,,17154,0,,,0,110,,17165,0,,,0,100,,17152,0,,,0,110,,17155,0,,,0,100,,17156,0,,,0,108,,17158,0,,,0,100,,17153,0,,,0,100,,17161,0,,,0,100,,17159,0,,,0
2000800,'1b35495d-aca9-4880-9c03-ea0125f330bf',753,,17355,0,,,0,70,,17352,0,,,0,29,,17337,0,,,0,70,,17328,0,,,0,30,,17330,0,,,0,70,,17340,0,,,0,30,,17327,0,,,0,70,,17349,0,,,0,30,,17335,0,,,0,70,,17342,0,,,0,30,,17343,0,,,0,70,,17348,0,,,0,30,,17354,0,,,0,70,,17358,0,,,0,30,,17347,0,,,0,70,,17339,0,,,0,30,,17325,0,,,0,71,,17338,0,,,0,30,,17346,0,,,0,70,,17344,0,,,0,30,,17350,0,,,0,70,,17333,0,,,0,30,,17345,0,,,0,70,,17334,0,,,0,100,,17341,0,,,0,100,,17329,0,,,0,100,,17324,0,,,0,100,,17353,0,,,0,100,,17356,0,,,0
2000800,'569ca90d-ae31-44bc-8216-83ab4ba1f2e5',553,,17381,0,,,0,100,,17388,0,,,0,70,,17363,0,,,0,30,,17383,0,,,0,70,,17391,0,,,0,29,,17385,0,,,0,70,,17366,0,,,0,30,,17377,0,,,0,70,,17380,0,,,0,30,,17365,0,,,0,70,,17369,0,,,0,30,,17362,0,,,0,70,,17360,0,,,0,30,,17359,0,,,0,69,,17393,0,,,0,30,,17384,0,,,0,70,,17382,0,,,0,30,,17371,0,,,0,70,,17395,0,,,0,30,,17396,0,,,0,72,,17387,0,,,0,30,,17364,0,,,0,70,,17389,0,,,0,30,,17390,0,,,0,70,,17378,0,,,0,30,,17397,0,,,0,70,,17374,0,,,0,100,,17376,0,,,0,100,,17368,0,,,0,100,,17361,0,,,0,100,,17379,0,,,0,100,,17392,0,,,0
2000800,'772cd25b-0e9f-4696-90a0-4adcc6f025f3',1022,,17408,0,,,0,100,,17411,0,,,0,100,,17417,0,,,0,100,,17420,0,,,0,100,,17404,0,,,0,100,,17414,0,,,0,101,,17406,0,,,0,100,,17413,0,,,0,100,,17419,0,,,0,100,,17416,0,,,0,100,,17400,0,,,0,100,,17418,0,,,0,100,,17422,0,,,0
2000801,'1b35495d-aca9-4880-9c03-ea0125f330bf',738,,17444,199,4,,0,70,,17436,199,4,,0,30,,17451,331,4,,0,74,,17428,331,4,,0,30,,17424,331,4,,0,69,,17426,331,4,,0,30,,17431,331,4,,0,72,,17446,331,4,,0,30,,17439,331,4,,0,70,,17445,331,4,,0,30,,17440,331,4,,0,71,,17435,331,4,,0,30,,17455,331,4,,0,70,,17447,331,4,,0,30,,17430,331,4,,0,70,,17438,331,4,,0,30,,17432,331,4,,0,70,,17442,331,4,,0,30,,17453,331,4,,0,70,,17434,331,4,,0,32,,17452,331,4,,0,71,,17427,331,4,,0,28,,17441,331,4,,0,68,,17450,331,4,,0,101,,17429,331,4,,0,99,,17443,331,4,,0,95,,17449,331,4,,0,100,,17448,331,4,,0,100,,17425,331,4,,0
2000801,'569ca90d-ae31-44bc-8216-83ab4ba1f2e5',547,,17480,199,4,,0,100,,17481,199,4,,0,61,,17487,331,4,,0,30,,17490,331,4,,0,70,,17457,264,4,,0,30,,17468,331,4,,0,74,,17482,331,4,,0,30,,17484,331,4,,0,69,,17476,331,4,,0,30,,17464,331,4,,0,70,,17466,331,4,,0,32,,17472,331,4,,0,70,,17460,331,4,,0,30,,17473,331,4,,0,71,,17461,331,4,,0,30,,17477,331,4,,0,70,,17488,331,4,,0,28,,17486,331,4,,0,70,,17475,264,4,,0,33,,17470,331,4,,0,72,,17463,331,4,,0,30,,17485,331,4,,0,70,,17474,331,4,,0,31,,17469,331,4,,0,71,,17458,331,4,,0,26,,17478,331,4,,0,68,,17462,331,4,,0,101,,17467,331,4,,0,99,,17489,331,4,,0,95,,17471,331,4,,0,100,,17483,331,4,,0,100,,17456,331,4,,0
2000801,'772cd25b-0e9f-4696-90a0-4adcc6f025f3',1014,,17497,199,4,,0,100,,17492,331,4,,0,99,,17495,331,4,,0,100,,17500,331,4,,0,100,,17502,331,4,,0,100,,17491,331,4,,0,100,,17501,331,4,,0,100,,17493,331,4,,0,95,,17504,331,4,,0,100,,17503,331,4,,0,100,,17498,331,4,,0,98,,17494,331,4,,0,100,,17496,331,4,,0
2001200,'1b35495d-aca9-4880-9c03-ea0125f330bf',716,,17521,192,4,,0,30,,17513,192,4,,0,70,,17532,192,4,,0,32,,17510,192,4,,0,70,,17524,192,4,,0,30,,17515,192,4,,0,70,,17511,192,4,,0,30,,17512,192,4,,0,73,,17531,192,4,,0,30,,17517,192,4,,0,70,,17533,192,4,,0,83,,17518,192,4,,0,30,,17523,192,4,,0,70,,17520,192,4,,0,30,,17527,192,4,,0,79,,17519,192,4,,0,30,,17529,192,4,,0,70,,17528,192,4,,0,30,,17514,192,4,,0,80,,17534,192,4,,0,30,,17526,192,4,,0,70,,17505,192,4,,0,30,,17507,192,4,,0,78,,17522,192,4,,0,28,,17516,192,4,,0,72,,17530,192,4,,0,70,,17509,192,4,,0,30,,17508,192,4,,0,70,,17536,192,4,,0,30,,17506,192,4,,0,100,,17525,192,4,,0,100,,17535,192,4,,0
2001200,'569ca90d-ae31-44bc-8216-83ab4ba1f2e5',605,,17541,192,4,,0,35,,17545,192,4,,0,65,,17542,192,4,,0,32,,17557,192,4,,0,73,,17558,192,4,,0,34,,17546,192,4,,0,72,,17540,192,4,,0,30,,17549,192,4,,0,75,,17569,192,4,,0,35,,17544,192,4,,0,70,,17563,192,4,,0,30,,17537,192,4,,0,75,,17538,192,4,,0,73,,17564,192,4,,0,30,,17555,192,4,,0,70,,17568,192,4,,0,36,,17559,192,4,,0,75,,17565,192,4,,0,41,,17553,192,4,,0,75,,17561,192,4,,0,75,,17552,192,4,,0,35,,17556,192,4,,0,75,,17560,192,4,,0,35,,17562,192,4,,0,75,,17554,192,4,,0,17,,17547,192,4,,0,75,,17566,192,4,,0,35,,17551,192,4,,0,75,,17550,192,4,,0,30,,17548,192,4,,0,70,,17539,192,4,,0,100,,17567,192,4,,0,100,,17543,192,4,,0
2001200,'772cd25b-0e9f-4696-90a0-4adcc6f025f3',904,,17574,192,4,,0,100,,17575,192,4,,0,100,,17572,192,4,,0,100,,17576,192,4,,0,103,,17582,192,4,,0,108,,17578,192,4,,0,100,,17580,192,4,,0,110,,17577,192,4,,0,100,,17581,192,4,,0,110,,17579,192,4,,0,100,,17573,192,4,,0,98,,17571,192,4,,0,100,,17570,192,4,,0,102,,17583,192,4,,0
