1000,'1b35495d-aca9-4880-9c03-ea0125f330bf',710,,16309,2,,,0,30,,16314,2,,,0,70,,16312,2,,,0,30,,16290,2,,,0,70,,16303,2,,,0,30,,16307,2,,,0,70,,16287,2,,,0,30,,16288,2,,,0,70,,16286,2,,,0,30,,16304,2,,,0,70,,16295,2,,,0,30,,16316,2,,,0,70,,16300,2,,,0,30,,16317,2,,,0,70,,16306,2,,,0,30,,16299,2,,,0,70,,16289,2,,,0,30,,16292,2,,,0,70,,16291,2,,,0,31,,16310,2,,,0,70,,16294,2,,,0,30,,16296,2,,,0,70,,16313,2,,,0,30,,16311,2,,,0,70,,16301,2,,,0,30,,16302,2,,,0,70,,16305,2,,,0,30,,16298,2,,,0,70,,16308,2,,,0,30,,16297,2,,,0,100,,16293,2,,,0,100,,16315,2,,,0
1000,'569ca90d-ae31-44bc-8216-83ab4ba1f2e5',540,,16318,2,,,0,70,,16340,2,,,0,30,,16352,2,,,0,70,,16351,2,,,0,30,,16347,2,,,0,70,,16331,2,,,0,30,,16335,2,,,0,70,,16328,2,,,0,30,,16333,2,,,0,70,,16345,2,,,0,30,,16321,2,,,0,70,,16327,2,,,0,30,,16320,2,,,0,70,,16319,2,,,0,30,,16325,2,,,0,70,,16337,2,,,0,30,,16342,2,,,0,70,,16339,2,,,0,30,,16348,2,,,0,70,,16350,2,,,0,30,,16349,2,,,0,70,,16324,2,,,0,31,,16323,2,,,0,70,,16334,2,,,0,30,,16343,2,,,0,70,,16322,2,,,0,30,,16336,2,,,0,70,,16344,2,,,0,30,,16332,2,,,0,70,,16330,2,,,0,30,,16346,2,,,0,70,,16341,2,,,0,30,,16326,2,,,0,100,,16329,2,,,0,100,,16338,2,,,0
1000,'772cd25b-0e9f-4696-90a0-4adcc6f025f3',810,,16362,2,,,0,100,,16360,2,,,0,100,,16355,2,,,0,100,,16359,2,,,0,100,,16363,2,,,0,100,,16358,2,,,0,100,,16354,2,,,0,100,,16366,2,,,0,100,,16353,2,,,0,101,,16361,2,,,0,100,,16365,2,,,0,100,,16367,2,,,0,100,,16356,2,,,0,100,,16364,2,,,0,100,,16357,2,,,0
10000,'1b35495d-aca9-4880-9c03-ea0125f330bf',741,,16469,1,,,0,64,,16464,1,,,0,25,,16478,1,,,0,24,,16472,1,,,0,65,,16473,1,,,0,24,,16463,1,,,0,65,,16482,1,,,0,24,,16484,1,,,0,25,,16460,1,,,0,64,,16452,1,,,0,25,,16475,1,,,0,64,,16449,1,,,0,25,,16453,1,,,0,24,,16459,1,,,0,65,,16470,1,,,0,24,,16481,1,,,0,65,,16466,1,,,0,24,,16457,1,,,0,65,,16461,1,,,0,25,,16451,1,,,0,26,,16450,1,,,0,65,,16462,1,,,0,26,,16465,1,,,0,65,,16468,1,,,0,26,,16471,1,,,0,65,,16476,1,,,0,22,,16483,1,,,0,25,,16467,1,,,0,62,,16480,1,,,0,25,,16456,1,,,0,22,,16455,1,,,0,65,,16458,1,,,0,21,,16474,1,,,0,65,,16454,1,,,0,22,,16479,1,,,0,86,,16477,1,,,0
10000,'569ca90d-ae31-44bc-8216-83ab4ba1f2e5',707,,16509,1,,,0,19,,16516,1,,,0,29,,16518,1,,,0,62,,16485,1,,,0,27,,16521,1,,,0,64,,16494,1,,,0,25,,16512,1,,,0,24,,16502,1,,,0,65,,16498,1,,,0,24,,16501,1,,,0,65,,16488,1,,,0,24,,16489,1,,,0,65,,16517,1,,,0,24,,16507,1,,,0,25,,16495,1,,,0,65,,16499,1,,,0,26,,16486,1,,,0,65,,16491,1,,,0,26,,16513,1,,,0,25,,16503,1,,,0,66,,16514,1,,,0,24,,16487,1,,,0,65,,16492,1,,,0,24,,16522,1,,,0,65,,16504,1,,,0,24,,16490,1,,,0,23,,16511,1,,,0,64,,16500,1,,,0,23,,16496,1,,,0,24,,16493,1,,,0,63,,16520,1,,,0,24,,16510,1,,,0,63,,16519,1,,,0,23,,16506,1,,,0,23,,16505,1,,,0,63,,16508,1,,,0,23,,16515,1,,,0,86,,16497,1,,,0
10000,'772cd25b-0e9f-4696-90a0-4adcc6f025f3',743,,16536,1,,,0,89,,16545,1,,,0,89,,16532,1,,,0,89,,16546,1,,,0,49,,16523,1,,,0,64,,16544,1,,,0,25,,16526,1,,,0,64,,16525,1,,,0,25,,16547,1,,,0,64,,16524,1,,,0,25,,16549,1,,,0,24,,16550,1,,,0,65,,16539,1,,,0,24,,16540,1,,,0,65,,16527,1,,,0,24,,16543,1,,,0,25,,16538,1,,,0,65,,16531,1,,,0,26,,16534,1,,,0,65,,16535,1,,,0,26,,16542,1,,,0,65,,16541,1,,,0,47,,16529,1,,,0,87,,16537,1,,,0,87,,16528,1,,,0,87,,16548,1,,,0,46,,16533,1,,,0,86,,16530,1,,,0
1000700,'1b35495d-aca9-4880-9c03-ea0125f330bf',717,,16847,170,,,0,30,,16843,170,,,0,70,,16830,170,,,0,30,,16828,170,,,0,70,,16832,170,,,0,30,,16845,170,,,0,70,,16850,170,,,0,30,,16849,170,,,0,70,,16840,170,,,0,30,,16834,170,,,0,70,,16837,170,,,0,30,,16824,170,,,0,70,,16842,170,,,0,30,,16829,170,,,0,70,,16826,170,,,0,30,,16844,170,,,0,70,,16825,170,,,0,30,,16831,170,,,0,70,,16827,170,,,0,30,,16838,170,,,0,70,,16853,170,,,0,30,,16852,170,,,0,70,,16833,170,,,0,30,,16848,170,,,0,70,,16839,170,,,0,100,,16836,170,,,0,98,,16835,170,,,0,100,,16841,170,,,0,100,,16851,170,,,0
1000700,'569ca90d-ae31-44bc-8216-83ab4ba1f2e5',618,,16858,170,,,0,30,,16884,170,,,0,69,,16886,170,,,0,23,,16879,170,,,0,77,,16874,170,,,0,23,,16861,170,,,0,77,,16866,170,,,0,30,,16863,170,,,0,70,,16872,170,,,0,30,,16865,170,,,0,70,,16864,170,,,0,30,,16888,170,,,0,70,,16881,170,,,0,30,,16856,170,,,0,70,,16873,170,,,0,30,,16878,170,,,0,68,,16862,170,,,0,30,,16877,170,,,0,70,,16870,170,,,0,30,,16887,170,,,0,70,,16876,170,,,0,30,,16869,170,,,0,69,,16875,170,,,0,30,,16860,170,,,0,72,,16880,170,,,0,30,,16857,170,,,0,72,,16859,170,,,0,98,,16867,170,,,0,100,,16885,170,,,0,98,,16883,170,,,0,102,,16882,170,,,0,96,,16868,125,,,0
1000700,'772cd25b-0e9f-4696-90a0-4adcc6f025f3',1017,,16898,170,,,0,100,,16896,170,,,0,100,,16890,170,,,0,100,,16899,170,,,0,100,,16900,170,,,0,100,,16894,170,,,0,100,,16895,170,,,0,100,,16901,170,,,0,100,,16889,170,,,0,100,,16893,170,,,0,100,,16892,170,,,0,98,,16897,170,,,0
1000800,'1b35495d-aca9-4880-9c03-ea0125f330bf',650,,16910,4,,,0,70,,16923,4,,,0,30,,16917,122,,,0,71,,16906,272,,,0,30,,16909,272,,,0,70,,16933,272,,,0,30,,16915,272,,,0,70,,16934,272,,,0,30,,16912,272,,,0,70,,16936,272,,,0,30,,16907,272,,,0,70,,16904,272,,,0,30,,16937,272,,,0,70,,16930,272,,,0,30,,16932,272,,,0,70,,16908,272,,,0,30,,16914,272,,,0,70,,16920,272,,,0,30,,16939,272,,,0,70,,16928,272,,,0,30,,16903,272,,,0,72,,16927,272,,,0,30,,16929,272,,,0,70,,16924,272,,,0,30,,16926,272,,,0,98,,16938,272,,,0,101,,16931,27,,,0,99,,16918,27,,,0,100,,16913,27,,,0,100,,16905,27,,,0
1000800,'569ca90d-ae31-44bc-8216-83ab4ba1f2e5',520,,16941,122,,,0,30,,16961,122,,,0,70,,16940,272,,,0,30,,16959,272,,,0,70,,16955,272,,,0,30,,16979,272,,,0,71,,16946,231,,,0,30,,16967,272,,,0,70,,16962,272,,,0,30,,16952,272,,,0,70,,16942,272,,,0,30,,16973,272,,,0,70,,16969,272,,,0,30,,16948,272,,,0,70,,16971,272,,,0,30,,16947,272,,,0,70,,16964,272,,,0,30,,16974,272,,,0,70,,16965,272,,,0,30,,16963,272,,,0,70,,16975,231,,,0,30,,16977,272,,,0,70,,16966,272,,,0,30,,16960,272,,,0,72,,16953,272,,,0,30,,16970,272,,,0,70,,16945,272,,,0,30,,16972,272,,,0,99,,16958,272,,,0,99,,16968,27,,,0,99,,16943,27,,,0,100,,16950,27,,,0,104,,16944,27,,,0
1000800,'772cd25b-0e9f-4696-90a0-4adcc6f025f3',850,,16981,27,,,0,101,,17000,27,,,0,100,,16984,27,,,0,100,,16994,27,,,0,100,,16997,27,,,0,100,,16992,27,,,0,100,,16982,27,,,0,100,,16998,27,,,0,100,,16990,27,,,0,100,,17006,27,,,0,100,,16985,27,,,0,100,,16980,27,,,0,100,,16987,27,,,0
1001200,'1b35495d-aca9-4880-9c03-ea0125f330bf',705,,17093,123,,,0,31,,17113,123,,,0,70,,17109,123,,,0,30,,17102,123,,,0,70,,17119,123,,,0,30,,17099,123,,,0,73,,17111,123,,,0,30,,17118,123,,,0,70,,17104,123,,,0,38,,17091,123,,,0,70,,17092,123,,,0,30,,17103,123,,,0,70,,17101,123,,,0,40,,17095,123,,,0,70,,17117,123,,,0,30,,17089,123,,,0,70,,17096,123,,,0,80,,17110,123,,,0,30,,17105,123,,,0,70,,17114,123,,,0,30,,17090,123,,,0,80,,17108,123,,,0,30,,17100,123,,,0,70,,17106,123,,,0,30,,17116,123,,,0,73,,17115,123,,,0,30,,17107,123,,,0,70,,17112,123,,,0,100,,17098,123,,,0,100,,17094,123,,,0,100,,17097,123,,,0
1001200,'569ca90d-ae31-44bc-8216-83ab4ba1f2e5',554,,17141,2,,,0,68,,17145,123,,,0,32,,17150,123,,,0,74,,17137,123,,,0,72,,17126,123,,,0,30,,17130,123,,,0,75,,17147,123,,,0,35,,17125,123,,,0,70,,17133,123,,,0,30,,17127,123,,,0,75,,17123,123,,,0,35,,17138,123,,,0,70,,17143,123,,,0,30,,17131,123,,,0,75,,17129,123,,,0,75,,17132,123,,,0,34,,17135,123,,,0,75,,17139,123,,,0,35,,17151,123,,,0,75,,17120,123,,,0,35,,17124,123,,,0,75,,17146,123,,,0,75,,17149,123,,,0,29,,17148,123,,,0,75,,17121,123,,,0,35,,17140,123,,,0,75,,17134,123,,,0,30,,17128,123,,,0,70,,17122,123,,,0,100,,17142,123,,,0,100,,17136,123,,,0,105,,17144,123,,,0
1001200,'772cd25b-0e9f-4696-90a0-4adcc6f025f3',852,,17163,123,,,0,100,,17160,123,,,0,100,,17164,123,,,0,103,,17162,123,,,0,104,,17157,123,,,0,100,,17154,123,,,0,150,,17165,123,,,0,100,,17152,123,,,0,110,,17155,123,,,0,100,,17156,123,,,0,103,,17158,123,,,0,100,,17153,123,,,0,102,,17161,123,,,0,100,,17159,123,,,0
