1100,'1b35495d-aca9-4880-9c03-ea0125f330bf',730,,16375,0,,,0,70,,16382,0,,,0,25,,16375,257,4,,0,5,,16397,0,,,0,26,,16382,257,4,,0,44,,16372,0,,,0,26,,16397,257,4,,0,4,,16390,0,,,0,26,,16372,257,4,,0,44,,16398,0,,,0,26,,16390,257,4,,0,4,,16380,0,,,0,26,,16398,257,4,,0,44,,16387,0,,,0,26,,16380,257,4,,0,4,,16374,0,,,0,26,,16387,257,4,,0,44,,16368,0,,,0,26,,16374,257,4,,0,4,,16379,0,,,0,26,,16368,257,4,,0,44,,16392,0,,,0,26,,16379,257,4,,0,4,,16383,0,,,0,26,,16392,257,4,,0,44,,16385,0,,,0,26,,16383,257,4,,0,4,,16388,0,,,0,26,,16385,257,4,,0,44,,16373,0,,,0,26,,16388,257,4,,0,4,,16377,0,,,0,26,,16373,257,4,,0,44,,16371,0,,,0,26,,16377,257,4,,0,4,,16394,0,,,0,26,,16371,257,4,,0,44,,16369,0,,,0,26,,16394,257,4,,0,4,,16378,0,,,0,25,,16369,257,4,,0,45,,16393,0,,,0,25,,16378,257,4,,0,5,,16395,0,,,0,25,,16393,257,4,,0,45,,16381,0,,,0,25,,16395,257,4,,0,5,,16370,0,,,0,25,,16381,257,4,,0,45,,16376,0,,,0,25,,16370,257,4,,0,5,,16391,0,,,0,25,,16376,257,4,,0,45,,16389,0,,,0,25,,16391,257,4,,0,5,,16396,0,,,0,25,,16389,257,4,,0,45,,16386,0,,,0,25,,16396,257,4,,0,30,,16386,257,4,,0,45,,16384,0,,,0,55,,16384,257,4,,0
1100,'569ca90d-ae31-44bc-8216-83ab4ba1f2e5',500,,16430,0,,,0,55,,16430,257,4,,0,45,,16414,0,,,0,30,,16431,0,,,0,25,,16414,257,4,,0,45,,16416,0,,,0,26,,16431,257,4,,0,4,,16433,0,,,0,26,,16416,257,4,,0,44,,16407,0,,,0,26,,16433,257,4,,0,4,,16428,0,,,0,26,,16407,257,4,,0,44,,16424,0,,,0,26,,16428,257,4,,0,4,,16427,0,,,0,26,,16424,257,4,,0,44,,16411,0,,,0,26,,16427,257,4,,0,4,,16404,0,,,0,26,,16411,257,4,,0,44,,16432,0,,,0,26,,16404,257,4,,0,4,,16417,0,,,0,26,,16432,257,4,,0,44,,16421,0,,,0,26,,16417,257,4,,0,4,,16426,0,,,0,26,,16421,257,4,,0,44,,16429,0,,,0,26,,16426,257,4,,0,4,,16419,0,,,0,26,,16429,257,4,,0,44,,16422,0,,,0,26,,16419,257,4,,0,4,,16408,0,,,0,27,,16422,257,4,,0,43,,16420,0,,,0,27,,16408,257,4,,0,3,,16405,0,,,0,27,,16420,257,4,,0,43,,16423,0,,,0,27,,16405,257,4,,0,3,,16401,0,,,0,26,,16423,257,4,,0,44,,16415,0,,,0,26,,16401,257,4,,0,4,,16409,0,,,0,25,,16415,257,4,,0,45,,16399,0,,,0,25,,16409,257,4,,0,5,,16402,0,,,0,25,,16399,257,4,,0,45,,16400,0,,,0,25,,16402,257,4,,0,5,,16412,0,,,0,25,,16400,257,4,,0,45,,16403,0,,,0,25,,16412,257,4,,0,5,,16425,0,,,0,25,,16403,257,4,,0,45,,16406,0,,,0,25,,16425,257,4,,0,5,,16410,0,,,0,25,,16406,257,4,,0,45,,16413,0,,,0,25,,16410,257,4,,0,30,,16413,257,4,,0,45,,16418,0,,,0,55,,16418,257,4,,0
1100,'772cd25b-0e9f-4696-90a0-4adcc6f025f3',830,,16436,0,,,0,95,,16436,257,4,,0,5,,16435,0,,,0,96,,16435,257,4,,0,4,,16438,0,,,0,96,,16438,257,4,,0,4,,16439,0,,,0,96,,16439,257,4,,0,4,,16445,0,,,0,96,,16445,257,4,,0,4,,16437,0,,,0,96,,16437,257,4,,0,4,,16446,0,,,0,96,,16446,257,4,,0,4,,16442,0,,,0,96,,16442,257,4,,0,4,,16444,0,,,0,96,,16444,257,4,,0,4,,16434,0,,,0,95,,16434,257,4,,0,5,,16443,0,,,0,95,,16443,257,4,,0,5,,16440,0,,,0,95,,16440,257,4,,0,5,,16448,0,,,0,95,,16448,257,4,,0,5,,16447,0,,,0,95,,16447,257,4,,0,5,,16441,0,,,0,95,,16441,257,4,,0
10100,'1b35495d-aca9-4880-9c03-ea0125f330bf',715,,16555,0,,,0,40,,16555,154,4,,0,45,,16568,0,,,0,22,,16579,0,,,0,18,,16568,154,4,,0,5,,16586,0,,,0,57,,16579,154,4,,0,5,,16575,0,,,0,18,,16586,154,4,,0,5,,16562,0,,,0,17,,16575,154,4,,0,5,,16584,0,,,0,58,,16562,154,4,,0,5,,16571,0,,,0,17,,16584,154,4,,0,5,,16567,0,,,0,18,,16571,154,4,,0,45,,16554,0,,,0,17,,16567,154,4,,0,5,,16582,0,,,0,18,,16554,154,4,,0,5,,16556,0,,,0,57,,16582,154,4,,0,5,,16553,0,,,0,18,,16556,154,4,,0,5,,16564,0,,,0,17,,16553,154,4,,0,5,,16581,0,,,0,58,,16564,154,4,,0,7,,16572,0,,,0,21,,16581,154,4,,0,4,,16577,0,,,0,61,,16572,154,4,,0,5,,16583,0,,,0,20,,16577,154,4,,0,7,,16559,0,,,0,19,,16583,154,4,,0,47,,16557,0,,,0,20,,16559,154,4,,0,5,,16576,0,,,0,21,,16557,154,4,,0,5,,16578,0,,,0,60,,16576,154,4,,0,5,,16566,0,,,0,21,,16578,154,4,,0,5,,16563,0,,,0,60,,16566,154,4,,0,5,,16561,0,,,0,21,,16563,154,4,,0,5,,16570,0,,,0,20,,16561,154,4,,0,5,,16551,0,,,0,61,,16570,154,4,,0,5,,16558,0,,,0,20,,16551,154,4,,0,5,,16580,0,,,0,61,,16558,154,4,,0,5,,16574,0,,,0,17,,16580,154,4,,0,7,,16569,0,,,0,19,,16574,154,4,,0,45,,16585,0,,,0,19,,16569,154,4,,0,5,,16565,0,,,0,19,,16585,154,4,,0,5,,16552,0,,,0,57,,16565,154,4,,0,6,,16573,0,,,0,18,,16552,154,4,,0,23,,16573,154,4,,0,49,,16560,0,,,0,41,,16560,154,4,,0
10100,'569ca90d-ae31-44bc-8216-83ab4ba1f2e5',705,,16600,0,,,0,22,,16623,0,,,0,18,,16600,154,4,,0,5,,16603,0,,,0,57,,16623,154,4,,0,5,,16605,0,,,0,18,,16603,154,4,,0,5,,16604,0,,,0,17,,16605,154,4,,0,5,,16591,0,,,0,58,,16604,154,4,,0,5,,16609,0,,,0,17,,16591,154,4,,0,5,,16618,0,,,0,58,,16609,154,4,,0,5,,16598,0,,,0,17,,16618,154,4,,0,5,,16593,0,,,0,18,,16598,154,4,,0,5,,16612,0,,,0,57,,16593,154,4,,0,7,,16622,0,,,0,22,,16612,154,4,,0,4,,16601,0,,,0,60,,16622,154,4,,0,5,,16619,0,,,0,21,,16601,154,4,,0,5,,16590,0,,,0,20,,16619,154,4,,0,5,,16614,0,,,0,61,,16590,154,4,,0,5,,16595,0,,,0,20,,16614,154,4,,0,7,,16613,0,,,0,59,,16595,154,4,,0,7,,16599,0,,,0,20,,16613,154,4,,0,6,,16588,0,,,0,61,,16599,154,4,,0,5,,16610,0,,,0,21,,16588,154,4,,0,5,,16592,0,,,0,21,,16610,154,4,,0,5,,16607,0,,,0,61,,16592,154,4,,0,5,,16620,0,,,0,21,,16607,154,4,,0,5,,16621,0,,,0,57,,16620,154,4,,0,7,,16597,0,,,0,19,,16621,154,4,,0,5,,16587,0,,,0,19,,16597,154,4,,0,45,,16616,0,,,0,19,,16587,154,4,,0,5,,16602,0,,,0,19,,16616,154,4,,0,5,,16606,0,,,0,59,,16602,154,4,,0,5,,16608,0,,,0,19,,16606,154,4,,0,5,,16615,0,,,0,19,,16608,154,4,,0,45,,16617,0,,,0,19,,16615,154,4,,0,5,,16611,0,,,0,19,,16617,154,4,,0,5,,16589,0,,,0,57,,16611,154,4,,0,7,,16596,0,,,0,17,,16589,154,4,,0,24,,16596,154,4,,0,44,,16594,0,,,0,41,,16594,154,4,,0
10100,'772cd25b-0e9f-4696-90a0-4adcc6f025f3',720,,16643,0,,,0,80,,16643,154,4,,0,5,,16636,0,,,0,40,,16636,154,4,,0,5,,16628,0,,,0,80,,16628,154,4,,0,5,,16629,0,,,0,80,,16629,154,4,,0,5,,16645,0,,,0,80,,16645,154,4,,0,5,,16650,0,,,0,22,,16631,0,,,0,18,,16650,154,4,,0,5,,16630,0,,,0,57,,16631,154,4,,0,5,,16649,0,,,0,18,,16630,154,4,,0,5,,16651,0,,,0,23,,16649,154,4,,0,45,,16644,0,,,0,18,,16651,154,4,,0,7,,16632,0,,,0,21,,16644,154,4,,0,5,,16648,0,,,0,60,,16632,154,4,,0,5,,16639,0,,,0,21,,16648,154,4,,0,5,,16640,0,,,0,60,,16639,154,4,,0,5,,16627,0,,,0,21,,16640,154,4,,0,5,,16634,0,,,0,20,,16627,154,4,,0,47,,16647,0,,,0,19,,16634,154,4,,0,5,,16637,0,,,0,19,,16647,154,4,,0,5,,16626,0,,,0,59,,16637,154,4,,0,5,,16633,0,,,0,19,,16626,154,4,,0,5,,16641,0,,,0,19,,16633,154,4,,0,64,,16641,154,4,,0,7,,16646,0,,,0,83,,16646,154,4,,0,5,,16638,0,,,0,83,,16638,154,4,,0,5,,16642,0,,,0,41,,16642,154,4,,0,5,,16624,0,,,0,81,,16624,154,4,,0,5,,16635,0,,,0,81,,16635,154,4,,0,5,,16625,0,,,0,81,,16625,154,4,,0
1000200,'1b35495d-aca9-4880-9c03-ea0125f330bf',639,,16753,39,4,,0,70,,16746,39,4,,0,30,,16766,119,4,,0,70,,16738,119,4,,0,30,,16749,119,4,,0,70,,16750,119,4,,0,30,,16763,119,4,,0,70,,16745,119,4,,0,30,,16756,119,4,,0,70,,16754,119,4,,0,30,,16743,119,4,,0,72,,16752,119,4,,0,30,,16761,119,4,,0,70,,16767,119,4,,0,30,,16742,119,4,,0,70,,16744,119,4,,0,30,,16741,119,4,,0,70,,16765,119,4,,0,30,,16748,119,4,,0,70,,16740,119,4,,0,30,,16755,119,4,,0,70,,16758,119,4,,0,30,,16739,119,4,,0,70,,16747,119,4,,0,30,,16759,119,4,,0,69,,16769,119,4,,0,30,,16764,119,4,,0,100,,16751,119,4,,0,68,,16760,119,4,,0,100,,16768,119,4,,0,30,,16757,119,4,,0,100,,16762,119,4,,0
1000200,'569ca90d-ae31-44bc-8216-83ab4ba1f2e5',539,,16801,39,4,,0,70,,16790,39,4,,0,30,,16773,119,4,,0,70,,16785,119,4,,0,30,,16795,119,4,,0,70,,16781,119,4,,0,30,,16799,119,4,,0,70,,16787,119,4,,0,30,,16782,119,4,,0,70,,16779,119,4,,0,30,,16780,119,4,,0,72,,16789,119,4,,0,30,,16802,119,4,,0,70,,16793,119,4,,0,30,,16772,119,4,,0,70,,16771,119,4,,0,30,,16770,119,4,,0,70,,16788,119,4,,0,32,,16778,119,4,,0,70,,16803,119,4,,0,30,,16775,119,4,,0,70,,16792,119,4,,0,30,,16783,119,4,,0,70,,16786,119,4,,0,30,,16798,119,4,,0,67,,16776,119,4,,0,30,,16797,119,4,,0,70,,16791,119,4,,0,30,,16794,119,4,,0,100,,16800,119,4,,0,68,,16796,119,4,,0,100,,16777,119,4,,0,30,,16784,119,4,,0,100,,16774,119,4,,0
1000200,'772cd25b-0e9f-4696-90a0-4adcc6f025f3',839,,16820,39,4,,0,100,,16819,39,4,,0,70,,16817,119,4,,0,100,,16818,119,4,,0,32,,16810,119,4,,0,100,,16809,119,4,,0,70,,16816,119,4,,0,100,,16814,119,4,,0,30,,16807,119,4,,0,100,,16812,119,4,,0,70,,16821,119,4,,0,100,,16815,119,4,,0,30,,16806,119,4,,0,99,,16805,119,4,,0,70,,16813,119,4,,0,100,,16808,119,4,,0,28,,16804,119,4,,0,100,,16822,119,4,,0,70,,16811,119,4,,0
2000200,'1b35495d-aca9-4880-9c03-ea0125f330bf',648,,17177,0,,,0,70,,17170,0,,,0,30,,17180,0,,,0,70,,17186,0,,,0,30,,17192,0,,,0,70,,17190,0,,,0,30,,17176,0,,,0,70,,17175,0,,,0,30,,17184,0,,,0,70,,17169,0,,,0,30,,17166,0,,,0,71,,17194,0,,,0,30,,17185,0,,,0,70,,17178,0,,,0,30,,17193,0,,,0,70,,17187,0,,,0,30,,17183,0,,,0,70,,17179,0,,,0,30,,17191,0,,,0,70,,17171,0,,,0,30,,17189,0,,,0,70,,17181,0,,,0,30,,17173,0,,,0,70,,17188,0,,,0,30,,17182,0,,,0,70,,17168,0,,,0,30,,17167,0,,,0,100,,17195,0,,,0,69,,17172,0,,,0,100,,17174,0,,,0
2000200,'569ca90d-ae31-44bc-8216-83ab4ba1f2e5',548,,17213,0,,,0,70,,17215,0,,,0,30,,17210,0,,,0,70,,17208,0,,,0,30,,17219,0,,,0,70,,17223,0,,,0,30,,17197,0,,,0,70,,17211,0,,,0,30,,17209,0,,,0,70,,17203,0,,,0,30,,17198,0,,,0,70,,17217,0,,,0,30,,17205,0,,,0,70,,17224,0,,,0,30,,17206,0,,,0,70,,17221,0,,,0,30,,17207,0,,,0,70,,17204,0,,,0,30,,17222,0,,,0,70,,17201,0,,,0,30,,17196,0,,,0,70,,17214,0,,,0,30,,17226,0,,,0,70,,17225,0,,,0,30,,17202,0,,,0,70,,17216,0,,,0,30,,17218,0,,,0,70,,17199,0,,,0,30,,17227,0,,,0,100,,17220,0,,,0,70,,17200,0,,,0,100,,17212,0,,,0
2000200,'772cd25b-0e9f-4696-90a0-4adcc6f025f3',848,,17237,0,,,0,100,,17241,0,,,0,70,,17238,0,,,0,100,,17231,0,,,0,31,,17230,0,,,0,100,,17233,0,,,0,70,,17236,0,,,0,100,,17240,0,,,0,30,,17243,0,,,0,100,,17242,0,,,0,70,,17228,0,,,0,100,,17234,0,,,0,30,,17229,0,,,0,100,,17245,0,,,0,70,,17235,0,,,0,100,,17244,0,,,0,29,,17232,0,,,0,100,,17239,0,,,0
2000700,'1b35495d-aca9-4880-9c03-ea0125f330bf',645,2,17264,38,,,0,70,2,17247,38,,,0,29,,17271,38,,,0,70,,17267,38,,,0,30,,17258,38,,,0,70,,17250,38,,,0,29,2,17275,38,,,0,70,2,17262,38,,,0,30,2,17248,38,,,0,70,2,17252,38,,,0,30,2,17269,38,,,0,70,2,17251,38,,,0,30,2,17270,38,,,0,70,2,17266,38,,,0,30,2,17260,38,,,0,70,2,17274,38,,,0,30,2,17249,38,,,0,70,2,17272,38,,,0,30,2,17253,38,,,0,70,2,17261,38,,,0,30,2,17263,38,,,0,70,2,17256,38,,,0,30,2,17259,38,,,0,70,2,17265,38,,,0,32,3,17246,38,,,0,70,2,17273,38,,,0,30,2,17276,38,,,0,100,2,17257,38,,,0,97,2,17254,38,,,0,100,2,17268,38,,,0,98,,17255,35,4,,0
2000700,'569ca90d-ae31-44bc-8216-83ab4ba1f2e5',545,2,17290,38,,,0,70,2,17308,38,,,0,30,2,17289,38,,,0,70,2,17292,38,,,0,29,,17283,38,,,0,68,4,17295,38,,,0,32,,17307,38,,,0,68,4,17291,38,,,0,31,2,17304,38,,,0,70,2,17298,38,,,0,30,2,17301,38,,,0,70,2,17299,38,,,0,30,2,17282,38,,,0,70,2,17277,38,,,0,30,2,17300,38,,,0,70,2,17278,38,,,0,30,2,17284,38,,,0,70,2,17309,38,,,0,30,,17294,38,,,0,70,,17285,38,,,0,30,,17281,38,,,0,70,,17303,38,,,0,30,,17288,38,,,0,70,,17296,38,,,0,29,2,17306,38,,,0,70,2,17287,38,,,0,32,2,17302,38,,,0,70,2,17305,38,,,0,32,2,17293,38,,,0,98,2,17297,38,,,0,99,2,17280,38,,,0,96,2,17286,38,,,0,102,,17279,35,4,,0
2000700,'772cd25b-0e9f-4696-90a0-4adcc6f025f3',943,2,17313,38,,,0,100,2,17322,38,,,0,100,2,17314,38,,,0,100,2,17319,38,,,0,100,2,17317,38,,,0,100,2,17318,38,,,0,100,2,17311,38,,,0,100,2,17312,38,,,0,100,2,17320,38,,,0,102,2,17315,38,,,0,100,2,17316,38,,,0,100,2,17321,38,,,0,95,,17310,35,4,,0
2000801,'1b35495d-aca9-4880-9c03-ea0125f330bf',640,,17444,0,,,0,70,,17436,0,,,0,30,4,17451,116,,,0,69,2,17428,116,,,0,30,2,17424,116,,,0,71,3,17426,116,,,0,30,3,17431,116,,,0,71,2,17446,116,,,0,30,2,17439,116,,,0,70,2,17445,116,,,0,30,2,17440,116,,,0,71,3,17435,116,,,0,30,3,17455,116,,,0,70,3,17447,116,,,0,30,3,17430,116,,,0,70,3,17438,116,,,0,30,3,17432,116,,,0,70,3,17442,116,,,0,30,3,17453,116,,,0,70,3,17434,116,,,0,32,3,17452,116,,,0,71,4,17427,116,,,0,28,5,17441,116,,,0,70,5,17450,116,,,0,30,5,17454,92,,,0,71,5,17429,116,,,0,30,5,17437,92,,,0,68,5,17443,116,,,0,97,2,17449,116,,,0,100,2,17448,116,,,0,100,2,17425,116,,,0,100,2,17433,92,,,0
2000801,'569ca90d-ae31-44bc-8216-83ab4ba1f2e5',449,,17480,0,,,0,100,,17481,0,,,0,61,3,17487,116,,,0,30,3,17490,116,,,0,70,3,17457,80,,,0,30,3,17468,116,,,0,69,2,17482,116,,,0,30,2,17484,116,,,0,71,3,17476,116,,,0,30,3,17464,116,,,0,71,2,17466,116,,,0,30,2,17472,116,,,0,70,2,17460,116,,,0,30,2,17473,116,,,0,71,3,17461,116,,,0,30,3,17477,116,,,0,70,3,17488,116,,,0,30,3,17486,116,,,0,70,3,17475,80,,,0,29,2,17470,116,,,0,70,2,17463,116,,,0,30,2,17485,116,,,0,70,2,17474,116,,,0,32,3,17469,116,,,0,71,3,17458,116,,,0,29,5,17478,116,,,0,70,5,17462,116,,,0,30,5,17465,92,,,0,71,5,17467,116,,,0,30,5,17479,92,,,0,68,5,17489,116,,,0,97,2,17471,116,,,0,100,2,17483,116,,,0,100,2,17456,116,,,0,100,2,17459,92,,,0
2000801,'772cd25b-0e9f-4696-90a0-4adcc6f025f3',911,,17497,0,,,0,100,4,17492,116,,,0,100,2,17495,116,,,0,100,2,17500,116,,,0,100,2,17502,116,,,0,100,2,17491,116,,,0,100,2,17501,116,,,0,100,2,17493,116,,,0,97,2,17504,116,,,0,100,2,17503,116,,,0,100,2,17498,116,,,0,99,3,17494,116,,,0,100,3,17496,116,,,0,100,3,17499,92,,,0
2001200,'1b35495d-aca9-4880-9c03-ea0125f330bf',635,5,17521,30,,,0,70,5,17513,30,,,0,30,5,17532,30,,,0,69,2,17510,30,,,0,30,2,17524,30,,,0,70,2,17515,30,,,0,30,2,17511,30,,,0,70,2,17512,30,,,0,33,2,17531,30,,,0,70,2,17517,30,,,0,30,2,17533,30,,,0,84,4,17518,30,,,0,30,4,17523,30,,,0,70,4,17520,30,,,0,30,4,17527,30,,,0,79,4,17519,30,,,0,70,44,17529,30,,,0,30,4,17528,30,,,0,70,44,17514,30,,,0,40,4,17534,30,,,0,70,4,17526,30,,,0,30,4,17505,30,,,0,70,4,17507,30,,,0,40,4,17522,30,,,0,70,4,17516,30,,,0,30,4,17530,30,,,0,70,4,17509,30,,,0,30,4,17508,30,,,0,70,4,17536,30,,,0,30,4,17506,30,,,0,100,4,17525,30,,,0,100,4,17535,30,,,0
2001200,'569ca90d-ae31-44bc-8216-83ab4ba1f2e5',525,2,17541,30,,,0,75,42,17545,30,,,0,23,5,17542,30,,,0,29,4,17557,30,,,0,73,5,17558,30,,,0,34,5,17546,30,,,0,73,5,17540,30,,,0,70,45,17549,30,,,0,35,5,17569,30,,,0,75,5,17544,30,,,0,30,5,17563,30,,,0,70,5,17537,30,,,0,35,5,17538,30,,,0,74,3,17564,30,,,0,30,3,17555,30,,,0,70,3,17568,30,,,0,35,3,17559,30,,,0,75,3,17565,30,,,0,78,5,17553,30,,,0,35,5,17561,30,,,0,75,5,17552,30,,,0,35,5,17556,30,,,0,75,5,17560,30,,,0,75,45,17562,30,,,0,35,5,17554,30,,,0,64,45,17547,30,,,0,35,5,17566,30,,,0,75,5,17551,30,,,0,35,5,17550,30,,,0,70,5,17548,30,,,0,30,5,17539,30,,,0,100,5,17567,30,,,0,100,5,17543,30,,,0
2001200,'772cd25b-0e9f-4696-90a0-4adcc6f025f3',820,2,17574,30,,,0,100,2,17575,30,,,0,100,2,17572,30,,,0,100,2,17576,30,,,0,103,2,17582,30,,,0,109,4,17578,30,,,0,100,4,17580,30,,,0,110,4,17577,30,,,0,100,4,17581,30,,,0,110,4,17579,30,,,0,100,4,17573,30,,,0,100,4,17571,30,,,0,100,4,17570,30,,,0,102,4,17583,30,,,0
