1100,'1b35495d-aca9-4880-9c03-ea0125f330bf',824,,16375,253,,,0,31,,16382,253,,,0,70,,16397,253,,,0,30,,16372,253,,,0,70,,16390,253,,,0,30,,16398,253,,,0,70,,16380,253,,,0,30,,16387,253,,,0,70,,16374,253,,,0,30,,16368,253,,,0,70,,16379,253,,,0,30,,16392,253,,,0,70,,16383,253,,,0,30,,16385,253,,,0,70,,16388,253,,,0,30,,16373,253,,,0,70,,16377,253,,,0,30,,16371,253,,,0,70,,16394,253,,,0,29,,16369,253,,,0,70,,16378,253,,,0,30,,16393,253,,,0,70,,16395,253,,,0,30,,16381,253,,,0,70,,16370,253,,,0,30,,16376,253,,,0,70,,16391,253,,,0,30,,16389,253,,,0,70,,16396,253,,,0,30,,16386,253,,,0,100,,16384,253,,,0
1100,'569ca90d-ae31-44bc-8216-83ab4ba1f2e5',554,,16430,253,,,0,100,,16414,253,,,0,71,,16431,253,,,0,30,,16416,253,,,0,70,,16433,253,,,0,30,,16407,253,,,0,70,,16428,253,,,0,30,,16424,253,,,0,70,,16427,253,,,0,30,,16411,253,,,0,70,,16404,253,,,0,30,,16432,253,,,0,70,,16417,253,,,0,30,,16421,253,,,0,70,,16426,253,,,0,30,,16429,253,,,0,70,,16419,253,,,0,31,,16422,253,,,0,70,,16408,253,,,0,30,,16420,253,,,0,70,,16405,253,,,0,29,,16423,253,,,0,70,,16401,253,,,0,29,,16415,253,,,0,70,,16409,253,,,0,30,,16399,253,,,0,70,,16402,253,,,0,30,,16400,253,,,0,70,,16412,253,,,0,30,,16403,253,,,0,70,,16425,253,,,0,30,,16406,253,,,0,70,,16410,253,,,0,30,,16413,253,,,0,100,,16418,253,,,0
1100,'772cd25b-0e9f-4696-90a0-4adcc6f025f3',924,,16436,253,,,0,101,,16435,253,,,0,100,,16438,253,,,0,100,,16439,253,,,0,100,,16445,253,,,0,100,,16437,253,,,0,100,,16446,253,,,0,100,,16442,253,,,0,100,,16444,253,,,0,99,,16434,253,,,0,100,,16443,253,,,0,100,,16440,253,,,0,100,,16448,253,,,0,100,,16447,253,,,0,100,,16441,253,,,0
10100,'1b35495d-aca9-4880-9c03-ea0125f330bf',753,,16555,152,,,0,85,,16568,152,,,0,62,,16579,152,,,0,23,,16586,152,,,0,22,,16575,152,,,0,63,,16562,152,,,0,22,,16584,152,,,0,23,,16571,152,,,0,62,,16567,152,,,0,23,,16554,152,,,0,62,,16582,152,,,0,23,,16556,152,,,0,22,,16553,152,,,0,63,,16564,152,,,0,28,,16581,152,,,0,65,,16572,152,,,0,25,,16577,152,,,0,26,,16583,152,,,0,67,,16559,152,,,0,26,,16557,152,,,0,65,,16576,152,,,0,26,,16578,152,,,0,65,,16566,152,,,0,26,,16563,152,,,0,25,,16561,152,,,0,66,,16570,152,,,0,25,,16551,152,,,0,66,,16558,152,,,0,22,,16580,152,,,0,26,,16574,152,,,0,64,,16569,152,,,0,24,,16585,152,,,0,62,,16565,152,,,0,24,,16552,152,,,0,23,,16573,152,,,0,90,,16560,152,,,0
10100,'569ca90d-ae31-44bc-8216-83ab4ba1f2e5',743,,16600,152,,,0,62,,16623,152,,,0,23,,16603,152,,,0,22,,16605,152,,,0,63,,16604,152,,,0,22,,16591,152,,,0,23,,16609,152,,,0,62,,16618,152,,,0,23,,16598,152,,,0,62,,16593,152,,,0,29,,16612,152,,,0,24,,16622,152,,,0,66,,16601,152,,,0,25,,16619,152,,,0,66,,16590,152,,,0,25,,16614,152,,,0,66,,16595,152,,,0,27,,16613,152,,,0,67,,16599,152,,,0,26,,16588,152,,,0,26,,16610,152,,,0,66,,16592,152,,,0,26,,16607,152,,,0,62,,16620,152,,,0,26,,16621,152,,,0,24,,16597,152,,,0,64,,16587,152,,,0,24,,16616,152,,,0,64,,16602,152,,,0,24,,16606,152,,,0,24,,16608,152,,,0,64,,16615,152,,,0,24,,16617,152,,,0,62,,16611,152,,,0,24,,16589,152,,,0,24,,16596,152,,,0,85,,16594,152,,,0
10100,'772cd25b-0e9f-4696-90a0-4adcc6f025f3',758,,16643,152,,,0,85,,16636,152,,,0,85,,16628,152,,,0,85,,16629,152,,,0,45,,16645,152,,,0,85,,16650,152,,,0,62,,16631,152,,,0,23,,16630,152,,,0,28,,16649,152,,,0,63,,16651,152,,,0,28,,16644,152,,,0,65,,16632,152,,,0,26,,16648,152,,,0,65,,16639,152,,,0,26,,16640,152,,,0,25,,16627,152,,,0,66,,16634,152,,,0,24,,16647,152,,,0,64,,16637,152,,,0,24,,16626,152,,,0,24,,16633,152,,,0,64,,16641,152,,,0,90,,16646,152,,,0,48,,16638,152,,,0,86,,16642,152,,,0,86,,16624,152,,,0,86,,16635,152,,,0,86,,16625,152,,,0
2000700,'1b35495d-aca9-4880-9c03-ea0125f330bf',642,,17264,36,,,0,70,,17247,36,,,0,30,,17271,36,,,0,70,,17267,36,,,0,30,,17258,36,,,0,70,,17250,36,,,0,28,,17275,36,,,0,70,,17262,36,,,0,30,,17248,36,,,0,70,,17252,36,,,0,30,,17269,36,,,0,70,,17251,36,,,0,30,,17270,36,,,0,70,,17266,36,,,0,30,,17260,36,,,0,70,,17274,36,,,0,30,,17249,36,,,0,70,,17272,36,,,0,30,,17253,36,,,0,70,,17261,36,,,0,30,,17263,36,,,0,70,,17256,36,,,0,30,,17259,36,,,0,70,,17265,36,,,0,31,,17246,36,,,0,71,,17273,36,,,0,30,,17276,36,,,0,100,,17257,36,,,0,97,,17254,36,,,0,100,,17268,36,,,0,100,,17255,33,,,0
2000700,'569ca90d-ae31-44bc-8216-83ab4ba1f2e5',542,,17290,36,,,0,70,,17308,36,,,0,30,,17289,36,,,0,70,,17292,36,,,0,30,,17283,36,,,0,65,,17295,36,,,0,35,,17307,36,,,0,65,,17291,36,,,0,33,,17304,36,,,0,70,,17298,36,,,0,30,,17301,36,,,0,70,,17299,36,,,0,30,,17282,36,,,0,70,,17277,36,,,0,30,,17300,36,,,0,70,,17278,36,,,0,30,,17284,36,,,0,70,,17309,36,,,0,30,,17294,36,,,0,70,,17285,36,,,0,30,,17281,36,,,0,70,,17303,36,,,0,30,,17288,36,,,0,70,,17296,36,,,0,29,,17306,36,,,0,70,,17287,36,,,0,32,,17302,36,,,0,70,,17305,36,,,0,32,,17293,36,,,0,98,,17297,36,,,0,99,,17280,36,,,0,96,,17286,36,,,0,104,,17279,33,,,0
2000700,'772cd25b-0e9f-4696-90a0-4adcc6f025f3',940,,17313,36,,,0,100,,17322,36,,,0,100,,17314,36,,,0,100,,17319,36,,,0,100,,17317,36,,,0,100,,17318,36,,,0,100,,17311,36,,,0,100,,17312,36,,,0,100,,17320,36,,,0,102,,17315,36,,,0,100,,17316,36,,,0,100,,17321,36,,,0,97,,17310,33,,,0
2000801,'1b35495d-aca9-4880-9c03-ea0125f330bf',735,,17451,113,,,0,71,,17428,113,,,0,30,,17424,113,,,0,70,,17426,113,,,0,30,,17431,113,,,0,71,,17446,113,,,0,30,,17439,113,,,0,70,,17445,113,,,0,30,,17440,113,,,0,70,,17435,113,,,0,30,,17455,113,,,0,70,,17447,113,,,0,30,,17430,113,,,0,70,,17438,113,,,0,30,,17432,113,,,0,70,,17442,113,,,0,30,,17453,113,,,0,70,,17434,113,,,0,32,,17452,113,,,0,70,,17427,113,,,0,28,,17441,113,,,0,70,,17450,113,,,0,30,,17454,89,,,0,71,,17429,113,,,0,30,,17437,89,,,0,68,,17443,113,,,0,100,,17449,113,,,0,100,,17448,113,,,0,100,,17425,113,,,0,100,,17433,89,,,0
2000801,'569ca90d-ae31-44bc-8216-83ab4ba1f2e5',606,,17487,113,,,0,30,,17490,113,,,0,70,,17457,78,,,0,30,,17468,113,,,0,70,,17482,113,,,0,30,,17484,113,,,0,70,,17476,113,,,0,30,,17464,113,,,0,71,,17466,113,,,0,30,,17472,113,,,0,70,,17460,113,,,0,30,,17473,113,,,0,70,,17461,113,,,0,30,,17477,113,,,0,70,,17488,113,,,0,30,,17486,113,,,0,70,,17475,78,,,0,31,,17470,113,,,0,70,,17463,113,,,0,30,,17485,113,,,0,70,,17474,113,,,0,31,,17469,113,,,0,71,,17458,113,,,0,27,,17478,113,,,0,70,,17462,113,,,0,30,,17465,89,,,0,71,,17467,113,,,0,30,,17479,89,,,0,68,,17489,113,,,0,100,,17471,113,,,0,100,,17483,113,,,0,100,,17456,113,,,0,100,,17459,89,,,0
2000801,'772cd25b-0e9f-4696-90a0-4adcc6f025f3',1006,,17492,113,,,0,101,,17495,113,,,0,100,,17500,113,,,0,100,,17502,113,,,0,100,,17491,113,,,0,100,,17501,113,,,0,100,,17493,113,,,0,98,,17504,113,,,0,100,,17503,113,,,0,100,,17498,113,,,0,98,,17494,113,,,0,100,,17496,113,,,0,100,,17499,89,,,0
2001200,'1b35495d-aca9-4880-9c03-ea0125f330bf',628,,17521,28,,,0,30,,17513,28,,,0,70,,17532,28,,,0,72,,17510,28,,,0,30,,17524,28,,,0,70,,17515,28,,,0,30,,17511,28,,,0,70,,17512,28,,,0,33,,17531,28,,,0,70,,17517,28,,,0,30,,17533,28,,,0,82,,17518,28,,,0,30,,17523,28,,,0,70,,17520,28,,,0,30,,17527,28,,,0,79,,17519,28,,,0,30,,17529,28,,,0,70,,17528,28,,,0,30,,17514,28,,,0,80,,17534,28,,,0,70,,17526,28,,,0,30,,17505,28,,,0,70,,17507,28,,,0,40,,17522,28,,,0,70,,17516,28,,,0,30,,17530,28,,,0,70,,17509,28,,,0,30,,17508,28,,,0,70,,17536,28,,,0,30,,17506,28,,,0,100,,17525,28,,,0,100,,17535,28,,,0
2001200,'569ca90d-ae31-44bc-8216-83ab4ba1f2e5',521,,17541,28,,,0,35,,17545,28,,,0,60,,17542,28,,,0,30,,17557,28,,,0,72,,17558,28,,,0,34,,17546,28,,,0,73,,17540,28,,,0,30,,17549,28,,,0,75,,17569,28,,,0,75,,17544,28,,,0,30,,17563,28,,,0,70,,17537,28,,,0,35,,17538,28,,,0,76,,17564,28,,,0,30,,17555,28,,,0,70,,17568,28,,,0,35,,17559,28,,,0,75,,17565,28,,,0,76,,17553,28,,,0,35,,17561,28,,,0,75,,17552,28,,,0,35,,17556,28,,,0,75,,17560,28,,,0,35,,17562,28,,,0,75,,17554,28,,,0,24,,17547,28,,,0,75,,17566,28,,,0,75,,17551,28,,,0,35,,17550,28,,,0,70,,17548,28,,,0,30,,17539,28,,,0,100,,17567,28,,,0,100,,17543,28,,,0
2001200,'772cd25b-0e9f-4696-90a0-4adcc6f025f3',816,,17574,28,,,0,100,,17575,28,,,0,100,,17572,28,,,0,100,,17576,28,,,0,103,,17582,28,,,0,107,,17578,28,,,0,100,,17580,28,,,0,110,,17577,28,,,0,100,,17581,28,,,0,110,,17579,28,,,0,100,,17573,28,,,0,100,,17571,28,,,0,100,,17570,28,,,0,102,,17583,28,,,0
