40000,'1b35495d-aca9-4880-9c03-ea0125f330bf',850,,16663,0,,,0,70,,16657,0,,,0,30,,16668,0,,,0,70,,16670,0,,,0,30,,16664,0,,,0,70,,16658,0,,,0,30,,16654,0,,,0,70,,16655,0,,,0,30,,16652,0,,,0,70,,16653,0,,,0,30,,16659,0,,,0,70,,16661,0,,,0,30,,16667,0,,,0,70,,16666,0,,,0,30,,16656,0,,,0,70,,16665,0,,,0,30,,16662,0,,,0,70,,16669,0,,,0,30,,16660,0,,,0
40000,'569ca90d-ae31-44bc-8216-83ab4ba1f2e5',650,,16680,0,,,0,70,,16685,0,,,0,30,,16679,0,,,0,70,,16674,0,,,0,30,,16676,0,,,0,70,,16688,0,,,0,30,,16684,0,,,0,70,,16681,0,,,0,30,,16682,0,,,0,70,,16675,0,,,0,30,,16690,0,,,0,70,,16687,0,,,0,30,,16677,0,,,0,70,,16673,0,,,0,30,,16689,0,,,0,70,,16683,0,,,0,30,,16686,0,,,0,70,,16691,0,,,0,30,,16671,0,,,0,70,,16693,0,,,0,30,,16692,0,,,0,70,,16678,0,,,0,30,,16672,0,,,0
40001,'1b35495d-aca9-4880-9c03-ea0125f330bf',915,,16713,120,4,,0,31,,16711,120,4,,0,70,,16704,120,4,,0,30,,16707,120,4,,0,70,,16700,120,4,,0,29,,16708,120,4,,0,71,,16694,120,4,,0,30,,16705,120,4,,0,70,,16710,120,4,,0,30,,16702,120,4,,0,70,,16712,120,4,,0,30,,16701,120,4,,0,70,,16697,120,4,,0,30,,16698,120,4,,0,70,,16699,120,4,,0,30,,16706,120,4,,0,70,,16703,120,4,,0,30,,16696,120,4,,0,70,,16709,120,4,,0,30,,16695,120,4,,0
40001,'569ca90d-ae31-44bc-8216-83ab4ba1f2e5',715,,16731,120,4,,0,28,,16736,120,4,,0,70,,16717,120,4,,0,33,,16728,120,4,,0,70,,16727,120,4,,0,30,,16726,120,4,,0,70,,16722,120,4,,0,30,,16725,120,4,,0,70,,16729,120,4,,0,29,,16714,120,4,,0,71,,16716,120,4,,0,30,,16724,120,4,,0,70,,16735,120,4,,0,30,,16720,120,4,,0,70,,16723,120,4,,0,30,,16734,120,4,,0,71,,16719,120,4,,0,30,,16730,120,4,,0,69,,16715,120,4,,0,30,,16718,120,4,,0,70,,16733,120,4,,0,30,,16721,120,4,,0,70,,16732,120,4,,0,30,,16737,120,4,,0
1000200,'1b35495d-aca9-4880-9c03-ea0125f330bf',705,,16766,0,,,0,30,,16738,0,,,0,70,,16749,0,,,0,30,,16750,0,,,0,70,,16763,0,,,0,30,,16745,0,,,0,70,,16756,0,,,0,30,,16754,0,,,0,70,,16743,0,,,0,30,,16752,0,,,0,70,,16761,0,,,0,30,,16767,0,,,0,70,,16742,0,,,0,30,,16744,0,,,0,70,,16741,0,,,0,30,,16765,0,,,0,70,,16748,0,,,0,30,,16740,0,,,0,70,,16755,0,,,0,30,,16758,0,,,0,70,,16739,0,,,0,30,,16747,0,,,0,70,,16759,0,,,0,30,,16769,0,,,0,70,,16764,0,,,0,100,,16751,0,,,0,30,,16760,0,,,0,100,,16768,0,,,0,70,,16757,0,,,0,100,,16762,0,,,0
1000200,'569ca90d-ae31-44bc-8216-83ab4ba1f2e5',605,,16773,0,,,0,30,,16785,0,,,0,70,,16795,0,,,0,30,,16781,0,,,0,70,,16799,0,,,0,30,,16787,0,,,0,70,,16782,0,,,0,30,,16779,0,,,0,70,,16780,0,,,0,30,,16789,0,,,0,70,,16802,0,,,0,30,,16793,0,,,0,70,,16772,0,,,0,30,,16771,0,,,0,70,,16770,0,,,0,30,,16788,0,,,0,70,,16778,0,,,0,30,,16803,0,,,0,70,,16775,0,,,0,30,,16792,0,,,0,70,,16783,0,,,0,30,,16786,0,,,0,70,,16798,0,,,0,30,,16776,0,,,0,70,,16797,0,,,0,30,,16791,0,,,0,70,,16794,0,,,0,100,,16800,0,,,0,30,,16796,0,,,0,100,,16777,0,,,0,70,,16784,0,,,0,100,,16774,0,,,0
1000200,'772cd25b-0e9f-4696-90a0-4adcc6f025f3',935,,16817,0,,,0,100,,16818,0,,,0,70,,16810,0,,,0,100,,16809,0,,,0,30,,16816,0,,,0,100,,16814,0,,,0,70,,16807,0,,,0,100,,16812,0,,,0,30,,16821,0,,,0,100,,16815,0,,,0,70,,16806,0,,,0,100,,16805,0,,,0,30,,16813,0,,,0,100,,16808,0,,,0,70,,16804,0,,,0,100,,16822,0,,,0,30,,16811,0,,,0
1000700,'1b35495d-aca9-4880-9c03-ea0125f330bf',632,,16847,0,,,0,70,,16843,0,,,0,30,,16830,0,,,0,70,,16828,0,,,0,30,,16832,0,,,0,70,,16845,0,,,0,30,,16850,0,,,0,70,,16849,0,,,0,30,,16840,0,,,0,70,,16834,0,,,0,30,,16837,0,,,0,70,,16824,0,,,0,30,,16842,0,,,0,70,,16829,0,,,0,30,,16826,0,,,0,70,,16844,0,,,0,30,,16825,0,,,0,70,,16831,0,,,0,30,,16827,0,,,0,70,,16838,0,,,0,30,,16853,0,,,0,70,,16852,0,,,0,30,,16833,0,,,0,70,,16848,0,,,0,30,,16839,0,,,0,100,,16836,0,,,0,100,,16835,0,,,0,100,,16841,0,,,0,100,,16851,0,,,0,100,,16846,0,,,0
1000700,'569ca90d-ae31-44bc-8216-83ab4ba1f2e5',534,,16858,0,,,0,70,,16884,0,,,0,28,,16886,0,,,0,25,,16879,0,,,0,73,,16874,0,,,0,27,,16861,0,,,0,75,,16866,0,,,0,70,,16863,0,,,0,30,,16872,0,,,0,70,,16865,0,,,0,30,,16864,0,,,0,70,,16888,0,,,0,30,,16881,0,,,0,70,,16856,0,,,0,30,,16873,0,,,0,70,,16878,0,,,0,27,,16862,0,,,0,30,,16877,0,,,0,70,,16870,0,,,0,30,,16887,0,,,0,70,,16876,0,,,0,30,,16869,0,,,0,70,,16875,0,,,0,30,,16860,0,,,0,72,,16880,0,,,0,70,,16857,0,,,0,32,,16859,0,,,0,98,,16867,0,,,0,102,,16885,0,,,0,98,,16883,0,,,0,102,,16882,0,,,0,96,,16868,0,,,0
1000700,'772cd25b-0e9f-4696-90a0-4adcc6f025f3',932,,16898,0,,,0,100,,16896,0,,,0,100,,16890,0,,,0,100,,16899,0,,,0,100,,16900,0,,,0,100,,16894,0,,,0,100,,16895,0,,,0,100,,16901,0,,,0,100,,16889,0,,,0,100,,16893,0,,,0,100,,16892,0,,,0,100,,16897,0,,,0,100,,16902,0,,,0
1000800,'1b35495d-aca9-4880-9c03-ea0125f330bf',706,,16917,0,,,0,30,4,16906,92,,,0,70,4,16909,92,,,0,30,4,16933,92,,,0,70,4,16915,92,,,0,30,4,16934,92,,,0,70,4,16912,92,,,0,27,4,16936,92,,,0,70,44,16907,92,,,0,30,4,16904,92,,,0,70,44,16937,92,,,0,30,4,16930,92,,,0,70,44,16932,92,,,0,30,4,16908,92,,,0,70,44,16914,92,,,0,30,4,16920,92,,,0,70,44,16939,92,,,0,30,4,16928,92,,,0,70,44,16903,92,,,0,30,4,16927,92,,,0,70,44,16929,92,,,0,30,4,16924,92,,,0,70,44,16926,92,,,0,30,4,16925,53,,,0,70,44,16938,92,,,0,30,4,16911,53,,,0,103,4,16935,53,,,0,100,4,16921,53,,,0,100,4,16916,53,,,0,100,4,16922,53,,,0
1000800,'569ca90d-ae31-44bc-8216-83ab4ba1f2e5',436,,16941,0,,,0,69,,16961,0,,,0,31,4,16940,92,,,0,70,4,16959,92,,,0,30,4,16955,92,,,0,70,4,16979,92,,,0,27,,16946,59,,,0,73,4,16967,92,,,0,30,4,16962,92,,,0,70,4,16952,92,,,0,30,4,16942,92,,,0,70,4,16973,92,,,0,27,4,16969,92,,,0,70,44,16948,92,,,0,30,4,16971,92,,,0,70,44,16947,92,,,0,30,4,16964,92,,,0,70,44,16974,92,,,0,30,4,16965,92,,,0,70,44,16963,92,,,0,30,4,16975,59,,,0,70,44,16977,92,,,0,30,4,16966,92,,,0,70,44,16960,92,,,0,30,4,16953,92,,,0,70,44,16970,92,,,0,30,4,16945,92,,,0,70,44,16972,92,,,0,30,4,16951,53,,,0,70,44,16958,92,,,0,30,4,16957,53,,,0,103,4,16956,53,,,0,100,4,16978,53,,,0,100,4,16949,53,,,0,100,4,16954,53,,,0
1000800,'772cd25b-0e9f-4696-90a0-4adcc6f025f3',836,,17005,0,,,0,100,4,17003,53,,,0,97,4,17002,53,,,0,100,4,16999,53,,,0,100,4,16988,53,,,0,100,4,17004,53,,,0,100,4,16989,53,,,0,100,4,16986,53,,,0,100,4,16995,53,,,0,100,4,16991,53,,,0,100,4,16983,53,,,0,100,4,16996,53,,,0,103,4,16993,53,,,0,100,4,17001,53,,,0
1001200,'1b35495d-aca9-4880-9c03-ea0125f330bf',647,3,17093,66,,,0,69,,17113,66,,,0,30,,17109,66,,,0,70,,17102,66,,,0,30,,17119,66,,,0,70,,17099,66,,,0,33,4,17111,66,,,0,70,4,17118,66,,,0,30,3,17104,66,,,0,76,5,17091,66,,,0,30,2,17092,66,,,0,70,2,17103,66,,,0,30,2,17101,66,,,0,80,2,17095,66,,,0,70,2,17117,66,,,0,30,2,17089,66,,,0,70,2,17096,66,,,0,40,2,17110,66,,,0,70,2,17105,66,,,0,30,2,17114,66,,,0,70,2,17090,66,,,0,42,3,17108,66,,,0,70,3,17100,66,,,0,30,3,17106,66,,,0,70,3,17116,66,,,0,73,43,17115,66,,,0,30,3,17107,66,,,0,70,43,17112,66,,,0,100,43,17098,66,,,0,100,43,17094,66,,,0,100,43,17097,66,,,0
1001200,'569ca90d-ae31-44bc-8216-83ab4ba1f2e5',604,2,17145,66,,,0,32,2,17150,66,,,0,74,2,17137,66,,,0,29,,17126,66,,,0,70,3,17130,66,,,0,35,3,17147,66,,,0,75,3,17125,66,,,0,30,3,17133,66,,,0,70,3,17127,66,,,0,35,3,17123,66,,,0,75,2,17138,66,,,0,30,2,17143,66,,,0,70,2,17131,66,,,0,75,2,17129,66,,,0,35,2,17132,66,,,0,71,2,17135,66,,,0,35,,17139,66,,,0,75,2,17151,66,,,0,35,2,17120,66,,,0,75,2,17124,66,,,0,75,2,17146,66,,,0,35,2,17149,66,,,0,72,2,17148,66,,,0,35,2,17121,66,,,0,75,2,17140,66,,,0,35,2,17134,66,,,0,70,2,17128,66,,,0,30,2,17122,66,,,0,100,2,17142,66,,,0,100,2,17136,66,,,0,149,,17144,66,,,0
1001200,'772cd25b-0e9f-4696-90a0-4adcc6f025f3',832,,17163,66,,,0,100,,17160,66,,,0,100,,17164,66,,,0,103,,17162,66,,,0,102,2,17157,66,,,0,100,2,17154,66,,,0,110,2,17165,66,,,0,100,2,17152,66,,,0,110,2,17155,66,,,0,100,2,17156,66,,,0,147,3,17158,66,,,0,100,3,17153,66,,,0,100,3,17161,66,,,0,100,3,17159,66,,,0
2000200,'1b35495d-aca9-4880-9c03-ea0125f330bf',724,,17177,159,4,,0,30,,17170,159,4,,0,70,,17180,159,4,,0,30,,17186,159,4,,0,70,,17192,159,4,,0,30,,17190,159,4,,0,70,,17176,159,4,,0,30,,17175,159,4,,0,70,,17184,159,4,,0,30,,17169,159,4,,0,70,,17166,159,4,,0,32,,17194,159,4,,0,70,,17185,159,4,,0,30,,17178,159,4,,0,70,,17193,159,4,,0,30,,17187,159,4,,0,70,,17183,159,4,,0,30,,17179,159,4,,0,70,,17191,159,4,,0,30,,17171,159,4,,0,70,,17189,159,4,,0,30,,17181,159,4,,0,70,,17173,159,4,,0,30,,17188,159,4,,0,70,,17182,159,4,,0,28,,17168,159,4,,0,70,,17167,159,4,,0,100,,17195,159,4,,0,28,,17172,159,4,,0,100,,17174,159,4,,0
2000200,'569ca90d-ae31-44bc-8216-83ab4ba1f2e5',626,,17213,159,4,,0,30,,17215,159,4,,0,70,,17210,159,4,,0,30,,17208,159,4,,0,70,,17219,159,4,,0,30,,17223,159,4,,0,70,,17197,159,4,,0,30,,17211,159,4,,0,70,,17209,159,4,,0,30,,17203,159,4,,0,70,,17198,159,4,,0,32,,17217,159,4,,0,70,,17205,159,4,,0,30,,17224,159,4,,0,70,,17206,159,4,,0,30,,17221,159,4,,0,70,,17207,159,4,,0,30,,17204,159,4,,0,69,,17222,159,4,,0,30,,17201,159,4,,0,70,,17196,159,4,,0,30,,17214,159,4,,0,70,,17226,159,4,,0,30,,17225,159,4,,0,70,,17202,159,4,,0,27,,17216,159,4,,0,70,,17218,159,4,,0,30,,17199,159,4,,0,70,,17227,159,4,,0,100,,17220,159,4,,0,29,,17200,159,4,,0,100,,17212,159,4,,0
2000200,'772cd25b-0e9f-4696-90a0-4adcc6f025f3',924,,17237,159,4,,0,100,,17241,159,4,,0,30,,17238,159,4,,0,100,,17231,159,4,,0,72,,17230,159,4,,0,100,,17233,159,4,,0,30,,17236,159,4,,0,100,,17240,159,4,,0,70,,17243,159,4,,0,100,,17242,159,4,,0,30,,17228,159,4,,0,100,,17234,159,4,,0,70,,17229,159,4,,0,98,,17245,159,4,,0,30,,17235,159,4,,0,100,,17244,159,4,,0,68,,17232,159,4,,0,100,,17239,159,4,,0
2000700,'1b35495d-aca9-4880-9c03-ea0125f330bf',726,,17264,201,4,,0,30,,17247,201,4,,0,72,,17271,201,4,,0,30,,17267,201,4,,0,70,,17258,201,4,,0,30,,17250,201,4,,0,69,,17275,201,4,,0,30,,17262,201,4,,0,70,,17248,201,4,,0,30,,17252,201,4,,0,70,,17269,201,4,,0,30,,17251,201,4,,0,70,,17270,201,4,,0,30,,17266,201,4,,0,70,,17260,201,4,,0,30,,17274,201,4,,0,70,,17249,201,4,,0,30,,17272,201,4,,0,70,,17253,201,4,,0,30,,17261,201,4,,0,70,,17263,201,4,,0,30,,17256,201,4,,0,70,,17259,201,4,,0,30,,17265,201,4,,0,72,,17246,201,4,,0,30,,17273,201,4,,0,70,,17276,201,4,,0,100,,17257,201,4,,0,96,,17254,201,4,,0,100,,17268,201,4,,0
2000700,'569ca90d-ae31-44bc-8216-83ab4ba1f2e5',626,,17290,201,4,,0,30,,17308,201,4,,0,70,,17289,201,4,,0,30,,17292,201,4,,0,72,,17283,201,4,,0,28,,17295,201,4,,0,72,,17307,201,4,,0,28,,17291,201,4,,0,71,,17304,201,4,,0,30,,17298,201,4,,0,70,,17301,201,4,,0,30,,17299,201,4,,0,70,,17282,201,4,,0,30,,17277,201,4,,0,70,,17300,201,4,,0,30,,17278,201,4,,0,72,,17284,201,4,,0,28,,17309,201,4,,0,70,,17294,201,4,,0,30,,17285,201,4,,0,70,,17281,201,4,,0,30,,17303,201,4,,0,70,,17288,201,4,,0,30,,17296,201,4,,0,69,,17306,201,4,,0,30,,17287,201,4,,0,72,,17302,201,4,,0,30,,17305,201,4,,0,72,,17293,201,4,,0,98,,17297,201,4,,0,98,,17280,201,4,,0,96,,17286,201,4,,0
2000700,'772cd25b-0e9f-4696-90a0-4adcc6f025f3',1027,,17313,201,4,,0,100,,17322,201,4,,0,100,,17314,201,4,,0,100,,17319,201,4,,0,100,,17317,201,4,,0,100,,17318,201,4,,0,100,,17311,201,4,,0,100,,17312,201,4,,0,100,,17320,201,4,,0,102,,17315,201,4,,0,100,,17316,201,4,,0,100,,17321,201,4,,0
2000801,'1b35495d-aca9-4880-9c03-ea0125f330bf',726,5,17444,139,,,0,30,5,17436,139,,,0,70,5,17451,260,,,0,32,5,17428,260,,,0,70,5,17424,260,,,0,29,5,17426,260,,,0,70,5,17431,260,,,0,73,45,17446,260,,,0,30,5,17439,260,,,0,70,45,17445,260,,,0,30,5,17440,260,,,0,71,45,17435,260,,,0,30,5,17455,260,,,0,70,45,17447,260,,,0,30,5,17430,260,,,0,70,45,17438,260,,,0,30,5,17432,260,,,0,70,45,17442,260,,,0,30,5,17453,260,,,0,70,45,17434,260,,,0,32,5,17452,260,,,0,71,45,17427,260,,,0,28,5,17441,260,,,0,68,45,17450,260,,,0,101,45,17429,260,,,0,100,45,17443,260,,,0,55,5,17449,260,,,0,100,5,17448,260,,,0,100,5,17425,260,,,0
2000801,'569ca90d-ae31-44bc-8216-83ab4ba1f2e5',535,5,17480,139,,,0,100,5,17481,139,,,0,21,5,17487,260,,,0,70,5,17490,260,,,0,30,5,17457,215,,,0,70,5,17468,260,,,0,32,5,17482,260,,,0,70,5,17484,260,,,0,29,5,17476,260,,,0,70,5,17464,260,,,0,31,5,17466,260,,,0,72,5,17472,260,,,0,70,45,17460,260,,,0,30,5,17473,260,,,0,71,45,17461,260,,,0,30,5,17477,260,,,0,70,45,17488,260,,,0,28,3,17486,260,,,0,30,3,17475,215,,,0,73,3,17470,260,,,0,72,45,17463,260,,,0,30,5,17485,260,,,0,70,45,17474,260,,,0,31,5,17469,260,,,0,71,5,17458,260,,,0,26,5,17478,260,,,0,68,45,17462,260,,,0,101,45,17467,260,,,0,100,45,17489,260,,,0,55,5,17471,260,,,0,100,5,17483,260,,,0,100,5,17456,260,,,0
2000801,'772cd25b-0e9f-4696-90a0-4adcc6f025f3',1000,45,17497,139,,,0,100,45,17492,260,,,0,100,45,17495,260,,,0,100,45,17500,260,,,0,100,45,17502,260,,,0,100,45,17491,260,,,0,100,45,17501,260,,,0,100,45,17493,260,,,0,55,5,17504,260,,,0,100,5,17503,260,,,0,100,5,17498,260,,,0,99,5,17494,260,,,0,100,5,17496,260,,,0
2001200,'1b35495d-aca9-4880-9c03-ea0125f330bf',653,2,17521,105,,,0,70,2,17513,105,,,0,30,2,17532,105,,,0,71,3,17510,105,,,0,30,3,17524,105,,,0,70,3,17515,105,,,0,30,3,17511,105,,,0,70,3,17512,105,,,0,33,3,17531,105,,,0,70,3,17517,105,,,0,30,3,17533,105,,,0,83,2,17518,105,,,0,70,2,17523,105,,,0,30,2,17520,105,,,0,70,2,17527,105,,,0,39,2,17519,105,,,0,70,2,17529,105,,,0,30,2,17528,105,,,0,70,2,17514,105,,,0,40,2,17534,105,,,0,70,2,17526,105,,,0,30,2,17505,105,,,0,70,2,17507,105,,,0,79,3,17522,105,,,0,28,,17516,105,,,0,72,3,17530,105,,,0,30,3,17509,105,,,0,70,3,17508,105,,,0,30,3,17536,105,,,0,70,3,17506,105,,,0,100,3,17525,105,,,0,100,3,17535,105,,,0
2001200,'569ca90d-ae31-44bc-8216-83ab4ba1f2e5',542,,17541,105,,,0,75,,17545,105,,,0,25,3,17542,105,,,0,70,3,17557,105,,,0,33,3,17558,105,,,0,74,3,17546,105,,,0,33,3,17540,105,,,0,70,3,17549,105,,,0,35,3,17569,105,,,0,75,3,17544,105,,,0,70,43,17563,105,,,0,30,3,17537,105,,,0,75,3,17538,105,,,0,33,2,17564,105,,,0,70,2,17555,105,,,0,30,2,17568,105,,,0,76,3,17559,105,,,0,35,3,17565,105,,,0,79,2,17553,105,,,0,75,2,17561,105,,,0,35,2,17552,105,,,0,75,2,17556,105,,,0,35,2,17560,105,,,0,75,2,17562,105,,,0,75,42,17554,105,,,0,20,2,17547,105,,,0,35,2,17566,105,,,0,75,2,17551,105,,,0,75,2,17550,105,,,0,30,2,17548,105,,,0,70,2,17539,105,,,0,100,2,17567,105,,,0,100,2,17543,105,,,0
2001200,'772cd25b-0e9f-4696-90a0-4adcc6f025f3',840,3,17574,105,,,0,100,3,17575,105,,,0,100,3,17572,105,,,0,100,3,17576,105,,,0,103,3,17582,105,,,0,108,2,17578,105,,,0,100,2,17580,105,,,0,150,42,17577,105,,,0,100,42,17581,105,,,0,110,2,17579,105,,,0,100,2,17573,105,,,0,99,3,17571,105,,,0,100,3,17570,105,,,0,102,3,17583,105,,,0
