10000,'1b35495d-aca9-4880-9c03-ea0125f330bf',805,,16469,70,,,0,24,,16464,70,,,0,25,,16478,70,,,0,64,,16472,70,,,0,25,,16473,70,,,0,64,,16463,70,,,0,25,,16482,70,,,0,24,,16484,70,,,0,65,,16460,70,,,0,24,,16452,70,,,0,65,,16475,70,,,0,24,,16449,70,,,0,25,,16453,70,,,0,64,,16459,70,,,0,25,,16470,70,,,0,64,,16481,70,,,0,25,,16466,70,,,0,64,,16457,70,,,0,25,,16461,70,,,0,25,,16451,70,,,0,66,,16450,70,,,0,25,,16462,70,,,0,66,,16465,70,,,0,25,,16468,70,,,0,25,,16471,70,,,0,65,,16476,70,,,0,22,,16483,70,,,0,65,,16467,70,,,0,22,,16480,70,,,0,25,,16456,70,,,0,61,,16455,70,,,0,25,,16458,70,,,0,61,,16474,70,,,0,25,,16454,70,,,0,22,,16479,70,,,0,86,,16477,70,,,0
10000,'569ca90d-ae31-44bc-8216-83ab4ba1f2e5',730,,16509,70,,,0,20,,16516,70,,,0,69,,16518,70,,,0,22,,16485,70,,,0,67,,16521,70,,,0,24,,16494,70,,,0,25,,16512,70,,,0,64,,16502,70,,,0,25,,16498,70,,,0,64,,16501,70,,,0,25,,16488,70,,,0,24,,16489,70,,,0,65,,16517,70,,,0,24,,16507,70,,,0,66,,16495,70,,,0,25,,16499,70,,,0,66,,16486,70,,,0,25,,16491,70,,,0,26,,16513,70,,,0,64,,16503,70,,,0,26,,16514,70,,,0,64,,16487,70,,,0,25,,16492,70,,,0,24,,16522,70,,,0,64,,16504,70,,,0,24,,16490,70,,,0,63,,16511,70,,,0,24,,16500,70,,,0,23,,16496,70,,,0,64,,16493,70,,,0,23,,16520,70,,,0,63,,16510,70,,,0,23,,16519,70,,,0,23,,16506,70,,,0,63,,16505,70,,,0,23,,16508,70,,,0,63,,16515,70,,,0,46,,16497,70,,,0
10000,'772cd25b-0e9f-4696-90a0-4adcc6f025f3',807,,16536,70,,,0,49,,16545,70,,,0,89,,16532,70,,,0,89,,16546,70,,,0,89,,16523,70,,,0,24,,16544,70,,,0,65,,16526,70,,,0,24,,16525,70,,,0,65,,16547,70,,,0,24,,16524,70,,,0,25,,16549,70,,,0,64,,16550,70,,,0,25,,16539,70,,,0,64,,16540,70,,,0,25,,16527,70,,,0,24,,16543,70,,,0,65,,16538,70,,,0,25,,16531,70,,,0,66,,16534,70,,,0,25,,16535,70,,,0,25,,16542,70,,,0,65,,16541,70,,,0,87,,16529,70,,,0,47,,16537,70,,,0,87,,16528,70,,,0,86,,16548,70,,,0,86,,16533,70,,,0,86,,16530,70,,,0
10100,'1b35495d-aca9-4880-9c03-ea0125f330bf',734,,16555,82,,,0,85,,16568,82,,,0,22,,16579,82,,,0,63,,16586,82,,,0,22,,16575,82,,,0,23,,16562,82,,,0,62,,16584,82,,,0,23,,16571,82,,,0,22,,16567,82,,,0,63,,16554,82,,,0,22,,16582,82,,,0,63,,16556,82,,,0,22,,16553,82,,,0,23,,16564,82,,,0,65,,16581,82,,,0,25,,16572,82,,,0,65,,16577,82,,,0,26,,16583,82,,,0,27,,16559,82,,,0,66,,16557,82,,,0,25,,16576,82,,,0,66,,16578,82,,,0,25,,16566,82,,,0,66,,16563,82,,,0,25,,16561,82,,,0,26,,16570,82,,,0,65,,16551,82,,,0,26,,16558,82,,,0,65,,16580,82,,,0,26,,16574,82,,,0,64,,16569,82,,,0,24,,16585,82,,,0,22,,16565,82,,,0,64,,16552,82,,,0,23,,16573,82,,,0,90,,16560,82,,,0
10100,'569ca90d-ae31-44bc-8216-83ab4ba1f2e5',724,,16600,82,,,0,22,,16623,82,,,0,63,,16603,82,,,0,22,,16605,82,,,0,23,,16604,82,,,0,62,,16591,82,,,0,23,,16609,82,,,0,62,,16618,82,,,0,23,,16598,82,,,0,22,,16593,82,,,0,66,,16612,82,,,0,24,,16622,82,,,0,66,,16601,82,,,0,25,,16619,82,,,0,26,,16590,82,,,0,65,,16614,82,,,0,26,,16595,82,,,0,67,,16613,82,,,0,27,,16599,82,,,0,66,,16588,82,,,0,26,,16610,82,,,0,26,,16592,82,,,0,66,,16607,82,,,0,25,,16620,82,,,0,66,,16621,82,,,0,24,,16597,82,,,0,64,,16587,82,,,0,24,,16616,82,,,0,24,,16602,82,,,0,64,,16606,82,,,0,24,,16608,82,,,0,64,,16615,82,,,0,24,,16617,82,,,0,22,,16611,82,,,0,64,,16589,82,,,0,24,,16596,82,,,0,85,,16594,82,,,0
10100,'772cd25b-0e9f-4696-90a0-4adcc6f025f3',739,,16643,82,,,0,85,,16636,82,,,0,85,,16628,82,,,0,45,,16629,82,,,0,85,,16645,82,,,0,85,,16650,82,,,0,22,,16631,82,,,0,63,,16630,82,,,0,25,,16649,82,,,0,23,,16651,82,,,0,68,,16644,82,,,0,25,,16632,82,,,0,66,,16648,82,,,0,25,,16639,82,,,0,66,,16640,82,,,0,25,,16627,82,,,0,26,,16634,82,,,0,67,,16647,82,,,0,24,,16637,82,,,0,64,,16626,82,,,0,24,,16633,82,,,0,64,,16641,82,,,0,50,,16646,82,,,0,88,,16638,82,,,0,86,,16642,82,,,0,86,,16624,82,,,0,46,,16635,82,,,0,86,,16625,82,,,0
40001,'1b35495d-aca9-4880-9c03-ea0125f330bf',854,,16713,21,,,0,71,,16711,21,,,0,30,,16704,21,,,0,70,,16707,21,,,0,30,,16700,21,,,0,69,,16708,21,,,0,30,,16694,21,,,0,70,,16705,21,,,0,30,,16710,21,,,0,70,,16702,21,,,0,30,,16712,21,,,0,70,,16701,21,,,0,30,,16697,21,,,0,70,,16698,21,,,0,30,,16699,21,,,0,70,,16706,21,,,0,30,,16703,21,,,0,70,,16696,21,,,0,30,,16709,21,,,0,70,,16695,21,,,0
40001,'569ca90d-ae31-44bc-8216-83ab4ba1f2e5',654,,16731,21,,,0,68,,16736,21,,,0,30,,16717,21,,,0,73,,16728,21,,,0,30,,16727,21,,,0,70,,16726,21,,,0,30,,16722,21,,,0,70,,16725,21,,,0,30,,16729,21,,,0,69,,16714,21,,,0,30,,16716,21,,,0,70,,16724,21,,,0,30,,16735,21,,,0,70,,16720,21,,,0,30,,16723,21,,,0,70,,16734,21,,,0,31,,16719,21,,,0,70,,16730,21,,,0,29,,16715,21,,,0,70,,16718,21,,,0,30,,16733,21,,,0,70,,16721,21,,,0,30,,16732,21,,,0,70,,16737,21,,,0
1000800,'1b35495d-aca9-4880-9c03-ea0125f330bf',712,,16910,95,4,,0,30,,16923,95,4,,0,70,,16917,213,4,,0,32,,16906,386,4,,0,70,,16909,386,4,,0,30,,16933,386,4,,0,70,,16915,386,4,,0,30,,16934,386,4,,0,70,,16912,386,4,,0,30,,16936,386,4,,0,70,,16907,386,4,,0,30,,16904,386,4,,0,70,,16937,386,4,,0,30,,16930,386,4,,0,70,,16932,386,4,,0,30,,16908,386,4,,0,70,,16914,386,4,,0,30,,16920,386,4,,0,70,,16939,386,4,,0,30,,16928,386,4,,0,70,,16903,386,4,,0,31,,16927,386,4,,0,70,,16929,386,4,,0,30,,16924,386,4,,0,70,,16926,386,4,,0,98,,16938,386,4,,0,95,,16931,113,4,,0,98,,16918,113,4,,0,100,,16913,113,4,,0,100,,16905,113,4,,0
1000800,'569ca90d-ae31-44bc-8216-83ab4ba1f2e5',542,,16941,213,4,,0,70,,16961,213,4,,0,30,,16940,386,4,,0,70,,16959,386,4,,0,30,,16955,386,4,,0,70,,16979,386,4,,0,32,,16946,345,4,,0,70,,16967,386,4,,0,30,,16962,386,4,,0,70,,16952,386,4,,0,30,,16942,386,4,,0,70,,16973,386,4,,0,30,,16969,386,4,,0,70,,16948,386,4,,0,30,,16971,386,4,,0,70,,16947,386,4,,0,30,,16964,386,4,,0,70,,16974,386,4,,0,30,,16965,386,4,,0,70,,16963,386,4,,0,30,,16975,345,4,,0,70,,16977,386,4,,0,30,,16966,386,4,,0,70,,16960,386,4,,0,32,,16953,386,4,,0,70,,16970,386,4,,0,30,,16945,386,4,,0,70,,16972,386,4,,0,92,,16958,386,4,,0,105,,16968,113,4,,0,98,,16943,113,4,,0,100,,16950,113,4,,0,104,,16944,113,4,,0
1000800,'772cd25b-0e9f-4696-90a0-4adcc6f025f3',912,,16981,113,4,,0,102,,17000,113,4,,0,100,,16984,113,4,,0,100,,16994,113,4,,0,100,,16997,113,4,,0,100,,16992,113,4,,0,100,,16982,113,4,,0,100,,16998,113,4,,0,100,,16990,113,4,,0,99,,17006,113,4,,0,100,,16985,113,4,,0,100,,16980,113,4,,0,100,,16987,113,4,,0
1000801,'1b35495d-aca9-4880-9c03-ea0125f330bf',713,,17013,0,,,0,30,,17038,0,,,0,70,,17026,0,,,0,32,,17025,0,,,0,70,,17033,0,,,0,30,,17023,0,,,0,70,,17030,0,,,0,30,,17016,0,,,0,70,,17007,0,,,0,30,,17009,0,,,0,70,,17020,0,,,0,30,,17017,0,,,0,70,,17008,0,,,0,30,,17031,0,,,0,70,,17019,0,,,0,30,,17034,0,,,0,70,,17027,0,,,0,30,,17018,0,,,0,70,,17015,0,,,0,31,,17037,0,,,0,70,,17036,0,,,0,31,,17022,0,,,0,70,,17024,0,,,0,30,,17011,0,,,0,70,,17012,0,,,0,98,,17035,0,,,0,100,,17032,0,,,0,98,,17010,0,,,0,100,,17028,0,,,0,100,,17029,0,,,0
1000801,'569ca90d-ae31-44bc-8216-83ab4ba1f2e5',543,,17062,0,,,0,70,,17046,0,,,0,30,,17050,0,,,0,70,,17053,0,,,0,30,,17039,0,,,0,70,,17041,0,,,0,32,,17049,0,,,0,70,,17045,0,,,0,30,,17065,0,,,0,70,,17047,0,,,0,30,,17048,0,,,0,70,,17056,0,,,0,30,,17052,0,,,0,70,,17057,0,,,0,30,,17044,0,,,0,70,,17070,0,,,0,30,,17073,0,,,0,70,,17058,0,,,0,30,,17072,0,,,0,70,,17042,0,,,0,30,,17040,0,,,0,70,,17051,0,,,0,30,,17069,0,,,0,70,,17068,0,,,0,32,,17060,0,,,0,70,,17064,0,,,0,30,,17043,0,,,0,70,,17055,0,,,0,98,,17054,0,,,0,100,,17066,0,,,0,98,,17067,0,,,0,100,,17063,0,,,0,103,,17071,0,,,0
1000801,'772cd25b-0e9f-4696-90a0-4adcc6f025f3',914,,17075,0,,,0,102,,17079,0,,,0,100,,17082,0,,,0,99,,17086,0,,,0,100,,17085,0,,,0,100,,17087,0,,,0,100,,17083,0,,,0,100,,17076,0,,,0,101,,17078,0,,,0,99,,17077,0,,,0,100,,17088,0,,,0,100,,17084,0,,,0,100,,17080,0,,,0
2000800,'1b35495d-aca9-4880-9c03-ea0125f330bf',713,,17326,157,4,,0,30,,17323,157,4,,0,70,,17331,157,4,,0,30,,17355,223,4,,0,70,,17352,223,4,,0,30,,17337,223,4,,0,70,,17328,223,4,,0,30,,17330,223,4,,0,70,,17340,223,4,,0,30,,17327,223,4,,0,70,,17349,223,4,,0,30,,17335,223,4,,0,70,,17342,223,4,,0,30,,17343,223,4,,0,70,,17348,223,4,,0,30,,17354,223,4,,0,70,,17358,223,4,,0,30,,17347,223,4,,0,71,,17339,223,4,,0,30,,17325,223,4,,0,70,,17338,223,4,,0,30,,17346,223,4,,0,70,,17344,223,4,,0,30,,17350,223,4,,0,70,,17333,223,4,,0,29,,17345,223,4,,0,100,,17357,157,4,,0,100,,17351,157,4,,0,100,,17336,157,4,,0,100,,17332,157,4,,0
2000800,'569ca90d-ae31-44bc-8216-83ab4ba1f2e5',543,,17375,161,4,,0,70,,17370,161,4,,0,30,,17381,223,4,,0,70,,17394,161,4,,0,30,,17388,223,4,,0,70,,17363,223,4,,0,30,,17383,223,4,,0,70,,17391,223,4,,0,30,,17385,223,4,,0,70,,17366,223,4,,0,30,,17377,223,4,,0,70,,17380,223,4,,0,30,,17365,223,4,,0,70,,17369,223,4,,0,30,,17362,223,4,,0,70,,17360,223,4,,0,30,,17359,223,4,,0,71,,17393,223,4,,0,30,,17384,223,4,,0,70,,17382,223,4,,0,30,,17371,223,4,,0,71,,17395,223,4,,0,31,,17396,223,4,,0,68,,17387,223,4,,0,30,,17364,223,4,,0,70,,17389,223,4,,0,30,,17390,223,4,,0,70,,17378,223,4,,0,31,,17397,223,4,,0,98,,17372,157,4,,0,100,,17373,157,4,,0,100,,17386,157,4,,0,100,,17367,157,4,,0
2000800,'772cd25b-0e9f-4696-90a0-4adcc6f025f3',943,,17402,161,4,,0,100,,17405,157,4,,0,100,,17407,157,4,,0,100,,17421,157,4,,0,100,,17398,157,4,,0,100,,17403,157,4,,0,100,,17415,157,4,,0,100,,17399,157,4,,0,100,,17423,157,4,,0,100,,17401,157,4,,0,99,,17410,157,4,,0,100,,17409,157,4,,0,100,,17412,157,4,,0
2000801,'1b35495d-aca9-4880-9c03-ea0125f330bf',714,,17451,0,,,0,30,,17428,0,,,0,70,,17424,0,,,0,30,,17426,0,,,0,70,,17431,0,,,0,30,,17446,0,,,0,70,,17439,0,,,0,30,,17445,0,,,0,70,,17440,0,,,0,30,,17435,0,,,0,70,,17455,0,,,0,30,,17447,0,,,0,70,,17430,0,,,0,30,,17438,0,,,0,70,,17432,0,,,0,30,,17442,0,,,0,70,,17453,0,,,0,30,,17434,0,,,0,72,,17452,0,,,0,30,,17427,0,,,0,70,,17441,0,,,0,30,,17450,0,,,0,70,,17454,0,,,0,31,,17429,0,,,0,70,,17437,0,,,0,29,,17443,0,,,0,100,,17449,0,,,0,100,,17448,0,,,0,100,,17425,0,,,0,100,,17433,0,,,0
2000801,'569ca90d-ae31-44bc-8216-83ab4ba1f2e5',545,,17487,0,,,0,70,,17490,0,,,0,30,,17457,0,,,0,70,,17468,0,,,0,29,,17482,0,,,0,70,,17484,0,,,0,30,,17476,0,,,0,70,,17464,0,,,0,30,,17466,0,,,0,70,,17472,0,,,0,30,,17460,0,,,0,70,,17473,0,,,0,30,,17461,0,,,0,70,,17477,0,,,0,30,,17488,0,,,0,70,,17486,0,,,0,30,,17475,0,,,0,71,,17470,0,,,0,30,,17463,0,,,0,70,,17485,0,,,0,30,,17474,0,,,0,71,,17469,0,,,0,31,,17458,0,,,0,69,,17478,0,,,0,30,,17462,0,,,0,70,,17465,0,,,0,31,,17467,0,,,0,70,,17479,0,,,0,29,,17489,0,,,0,100,,17471,0,,,0,100,,17483,0,,,0,100,,17456,0,,,0,100,,17459,0,,,0
2000801,'772cd25b-0e9f-4696-90a0-4adcc6f025f3',944,,17492,0,,,0,100,,17495,0,,,0,100,,17500,0,,,0,100,,17502,0,,,0,100,,17491,0,,,0,100,,17501,0,,,0,100,,17493,0,,,0,100,,17504,0,,,0,100,,17503,0,,,0,100,,17498,0,,,0,99,,17494,0,,,0,100,,17496,0,,,0,100,,17499,0,,,0
