1000,'1b35495d-aca9-4880-9c03-ea0125f330bf',710,,16309,0,,,0,30,,16314,0,,,0,65,,16309,254,4,,0,5,,16312,0,,,0,25,,16314,254,4,,0,5,,16290,0,,,0,65,,16312,254,4,,0,5,,16303,0,,,0,25,,16290,254,4,,0,5,,16307,0,,,0,65,,16303,254,4,,0,5,,16287,0,,,0,25,,16307,254,4,,0,5,,16288,0,,,0,65,,16287,254,4,,0,5,,16286,0,,,0,25,,16288,254,4,,0,5,,16304,0,,,0,66,,16286,254,4,,0,4,,16295,0,,,0,26,,16304,254,4,,0,4,,16316,0,,,0,66,,16295,254,4,,0,4,,16300,0,,,0,26,,16316,254,4,,0,4,,16317,0,,,0,66,,16300,254,4,,0,4,,16306,0,,,0,26,,16317,254,4,,0,4,,16299,0,,,0,66,,16306,254,4,,0,4,,16289,0,,,0,26,,16299,254,4,,0,4,,16292,0,,,0,66,,16289,254,4,,0,4,,16291,0,,,0,26,,16292,254,4,,0,4,,16310,0,,,0,66,,16291,254,4,,0,4,,16294,0,,,0,25,,16310,254,4,,0,5,,16296,0,,,0,65,,16294,254,4,,0,5,,16313,0,,,0,25,,16296,254,4,,0,5,,16311,0,,,0,65,,16313,254,4,,0,5,,16301,0,,,0,25,,16311,254,4,,0,5,,16302,0,,,0,65,,16301,254,4,,0,5,,16305,0,,,0,25,,16302,254,4,,0,5,,16298,0,,,0,65,,16305,254,4,,0,5,,16308,0,,,0,25,,16298,254,4,,0,5,,16297,0,,,0,65,,16308,254,4,,0,30,,16297,254,4,,0,5,,16293,0,,,0,95,,16293,254,4,,0,5,,16315,0,,,0,95,,16315,254,4,,0
1000,'569ca90d-ae31-44bc-8216-83ab4ba1f2e5',540,,16318,0,,,0,70,,16340,0,,,0,25,,16318,254,4,,0,5,,16352,0,,,0,65,,16340,254,4,,0,5,,16351,0,,,0,25,,16352,254,4,,0,5,,16347,0,,,0,65,,16351,254,4,,0,5,,16331,0,,,0,25,,16347,254,4,,0,5,,16335,0,,,0,65,,16331,254,4,,0,5,,16328,0,,,0,25,,16335,254,4,,0,5,,16333,0,,,0,65,,16328,254,4,,0,5,,16345,0,,,0,25,,16333,254,4,,0,5,,16321,0,,,0,65,,16345,254,4,,0,5,,16327,0,,,0,25,,16321,254,4,,0,5,,16320,0,,,0,66,,16327,254,4,,0,4,,16319,0,,,0,26,,16320,254,4,,0,4,,16325,0,,,0,66,,16319,254,4,,0,4,,16337,0,,,0,26,,16325,254,4,,0,4,,16342,0,,,0,66,,16337,254,4,,0,4,,16339,0,,,0,26,,16342,254,4,,0,4,,16348,0,,,0,66,,16339,254,4,,0,4,,16350,0,,,0,26,,16348,254,4,,0,4,,16349,0,,,0,66,,16350,254,4,,0,4,,16324,0,,,0,26,,16349,254,4,,0,4,,16323,0,,,0,66,,16324,254,4,,0,4,,16334,0,,,0,25,,16323,254,4,,0,5,,16343,0,,,0,65,,16334,254,4,,0,5,,16322,0,,,0,25,,16343,254,4,,0,5,,16336,0,,,0,65,,16322,254,4,,0,5,,16344,0,,,0,25,,16336,254,4,,0,5,,16332,0,,,0,65,,16344,254,4,,0,5,,16330,0,,,0,25,,16332,254,4,,0,5,,16346,0,,,0,65,,16330,254,4,,0,5,,16341,0,,,0,25,,16346,254,4,,0,5,,16326,0,,,0,65,,16341,254,4,,0,30,,16326,254,4,,0,5,,16329,0,,,0,95,,16329,254,4,,0,5,,16338,0,,,0,95,,16338,254,4,,0
1000,'772cd25b-0e9f-4696-90a0-4adcc6f025f3',810,,16362,0,,,0,95,,16362,254,4,,0,5,,16360,0,,,0,95,,16360,254,4,,0,5,,16355,0,,,0,95,,16355,254,4,,0,5,,16359,0,,,0,95,,16359,254,4,,0,5,,16363,0,,,0,96,,16363,254,4,,0,4,,16358,0,,,0,96,,16358,254,4,,0,4,,16354,0,,,0,96,,16354,254,4,,0,4,,16366,0,,,0,96,,16366,254,4,,0,4,,16353,0,,,0,96,,16353,254,4,,0,4,,16361,0,,,0,95,,16361,254,4,,0,5,,16365,0,,,0,95,,16365,254,4,,0,5,,16367,0,,,0,95,,16367,254,4,,0,5,,16356,0,,,0,95,,16356,254,4,,0,5,,16364,0,,,0,95,,16364,254,4,,0,5,,16357,0,,,0,95,,16357,254,4,,0
10000,'1b35495d-aca9-4880-9c03-ea0125f330bf',740,,16469,0,,,0,64,,16464,0,,,0,20,,16469,139,4,,0,5,,16478,0,,,0,19,,16464,139,4,,0,5,,16472,0,,,0,60,,16478,139,4,,0,5,,16473,0,,,0,19,,16472,139,4,,0,5,,16463,0,,,0,60,,16473,139,4,,0,5,,16482,0,,,0,19,,16463,139,4,,0,5,,16484,0,,,0,20,,16482,139,4,,0,5,,16460,0,,,0,59,,16484,139,4,,0,5,,16452,0,,,0,20,,16460,139,4,,0,5,,16475,0,,,0,59,,16452,139,4,,0,5,,16449,0,,,0,20,,16475,139,4,,0,5,,16453,0,,,0,19,,16449,139,4,,0,5,,16459,0,,,0,60,,16453,139,4,,0,5,,16470,0,,,0,19,,16459,139,4,,0,5,,16481,0,,,0,60,,16470,139,4,,0,5,,16466,0,,,0,19,,16481,139,4,,0,5,,16457,0,,,0,20,,16466,139,4,,0,45,,16461,0,,,0,19,,16457,139,4,,0,6,,16451,0,,,0,19,,16461,139,4,,0,7,,16450,0,,,0,58,,16451,139,4,,0,7,,16462,0,,,0,19,,16450,139,4,,0,7,,16465,0,,,0,58,,16462,139,4,,0,7,,16468,0,,,0,19,,16465,139,4,,0,7,,16471,0,,,0,18,,16468,139,4,,0,7,,16476,0,,,0,57,,16471,139,4,,0,5,,16483,0,,,0,20,,16476,139,4,,0,5,,16467,0,,,0,57,,16483,139,4,,0,5,,16480,0,,,0,20,,16467,139,4,,0,5,,16456,0,,,0,17,,16480,139,4,,0,5,,16455,0,,,0,60,,16456,139,4,,0,5,,16458,0,,,0,16,,16455,139,4,,0,5,,16474,0,,,0,60,,16458,139,4,,0,5,,16454,0,,,0,16,,16474,139,4,,0,6,,16479,0,,,0,19,,16454,139,4,,0,62,,16479,139,4,,0,5,,16477,0,,,0,41,,16477,139,4,,0
10000,'569ca90d-ae31-44bc-8216-83ab4ba1f2e5',706,,16509,0,,,0,19,,16516,0,,,0,23,,16509,139,4,,0,6,,16518,0,,,0,55,,16516,139,4,,0,7,,16485,0,,,0,22,,16518,139,4,,0,5,,16521,0,,,0,57,,16485,139,4,,0,7,,16494,0,,,0,20,,16521,139,4,,0,5,,16512,0,,,0,19,,16494,139,4,,0,5,,16502,0,,,0,60,,16512,139,4,,0,5,,16498,0,,,0,19,,16502,139,4,,0,5,,16501,0,,,0,60,,16498,139,4,,0,5,,16488,0,,,0,19,,16501,139,4,,0,5,,16489,0,,,0,20,,16488,139,4,,0,5,,16517,0,,,0,59,,16489,139,4,,0,5,,16507,0,,,0,20,,16517,139,4,,0,5,,16495,0,,,0,59,,16507,139,4,,0,6,,16499,0,,,0,21,,16495,139,4,,0,5,,16486,0,,,0,20,,16499,139,4,,0,45,,16491,0,,,0,21,,16486,139,4,,0,5,,16513,0,,,0,20,,16491,139,4,,0,5,,16503,0,,,0,61,,16513,139,4,,0,5,,16514,0,,,0,18,,16503,139,4,,0,6,,16487,0,,,0,60,,16514,139,4,,0,5,,16492,0,,,0,19,,16487,139,4,,0,5,,16522,0,,,0,20,,16492,139,4,,0,5,,16504,0,,,0,59,,16522,139,4,,0,5,,16490,0,,,0,18,,16504,139,4,,0,5,,16511,0,,,0,59,,16490,139,4,,0,5,,16500,0,,,0,18,,16511,139,4,,0,5,,16496,0,,,0,19,,16500,139,4,,0,5,,16493,0,,,0,58,,16496,139,4,,0,5,,16520,0,,,0,19,,16493,139,4,,0,5,,16510,0,,,0,58,,16520,139,4,,0,5,,16519,0,,,0,18,,16510,139,4,,0,5,,16506,0,,,0,18,,16519,139,4,,0,5,,16505,0,,,0,58,,16506,139,4,,0,5,,16508,0,,,0,18,,16505,139,4,,0,5,,16515,0,,,0,18,,16508,139,4,,0,63,,16515,139,4,,0,5,,16497,0,,,0,81,,16497,139,4,,0
10000,'772cd25b-0e9f-4696-90a0-4adcc6f025f3',742,,16536,0,,,0,84,,16536,139,4,,0,5,,16545,0,,,0,84,,16545,139,4,,0,5,,16532,0,,,0,84,,16532,139,4,,0,5,,16546,0,,,0,44,,16546,139,4,,0,5,,16523,0,,,0,64,,16544,0,,,0,20,,16523,139,4,,0,5,,16526,0,,,0,59,,16544,139,4,,0,5,,16525,0,,,0,20,,16526,139,4,,0,5,,16547,0,,,0,19,,16525,139,4,,0,45,,16524,0,,,0,20,,16547,139,4,,0,5,,16549,0,,,0,19,,16524,139,4,,0,5,,16550,0,,,0,60,,16549,139,4,,0,5,,16539,0,,,0,19,,16550,139,4,,0,5,,16540,0,,,0,20,,16539,139,4,,0,45,,16527,0,,,0,19,,16540,139,4,,0,5,,16543,0,,,0,20,,16527,139,4,,0,5,,16538,0,,,0,59,,16543,139,4,,0,6,,16531,0,,,0,19,,16538,139,4,,0,7,,16534,0,,,0,58,,16531,139,4,,0,7,,16535,0,,,0,19,,16534,139,4,,0,7,,16542,0,,,0,18,,16535,139,4,,0,7,,16541,0,,,0,57,,16542,139,4,,0,25,,16541,139,4,,0,5,,16529,0,,,0,82,,16529,139,4,,0,5,,16537,0,,,0,82,,16537,139,4,,0,5,,16528,0,,,0,82,,16528,139,4,,0,5,,16548,0,,,0,41,,16548,139,4,,0,5,,16533,0,,,0,81,,16533,139,4,,0,5,,16530,0,,,0,81,,16530,139,4,,0
1000700,'1b35495d-aca9-4880-9c03-ea0125f330bf',716,,16847,167,,,0,30,,16843,167,,,0,70,,16830,167,,,0,30,,16828,167,,,0,70,2,16832,167,,,0,30,2,16845,167,,,0,70,2,16850,167,,,0,30,2,16849,167,,,0,70,2,16840,167,,,0,30,2,16834,167,,,0,70,2,16837,167,,,0,30,2,16824,167,,,0,70,2,16842,167,,,0,30,2,16829,167,,,0,70,2,16826,167,,,0,30,2,16844,167,,,0,70,2,16825,167,,,0,30,2,16831,167,,,0,70,2,16827,167,,,0,30,2,16838,167,,,0,70,2,16853,167,,,0,30,2,16852,167,,,0,70,2,16833,167,,,0,30,2,16848,167,,,0,70,2,16839,167,,,0,100,2,16836,167,,,0,99,2,16835,167,,,0,100,2,16841,167,,,0,100,2,16851,167,,,0,98,,16846,114,4,,0
1000700,'569ca90d-ae31-44bc-8216-83ab4ba1f2e5',618,3,16858,167,,,0,30,3,16884,167,,,0,68,2,16886,167,,,0,23,,16879,167,,,0,77,2,16874,167,,,0,23,,16861,167,,,0,77,2,16866,167,,,0,30,2,16863,167,,,0,70,2,16872,167,,,0,30,2,16865,167,,,0,70,2,16864,167,,,0,30,2,16888,167,,,0,70,2,16881,167,,,0,30,2,16856,167,,,0,70,2,16873,167,,,0,30,2,16878,167,,,0,68,,16862,167,,,0,30,,16877,167,,,0,70,,16870,167,,,0,30,,16887,167,,,0,70,,16876,167,,,0,30,,16869,167,,,0,69,2,16875,167,,,0,30,2,16860,167,,,0,72,2,16880,167,,,0,30,2,16857,167,,,0,72,2,16859,167,,,0,98,2,16867,167,,,0,101,2,16885,167,,,0,98,2,16883,167,,,0,102,2,16882,167,,,0,96,2,16868,123,,,0
1000700,'772cd25b-0e9f-4696-90a0-4adcc6f025f3',1016,2,16898,167,,,0,100,2,16896,167,,,0,100,2,16890,167,,,0,100,2,16899,167,,,0,100,2,16900,167,,,0,100,2,16894,167,,,0,100,2,16895,167,,,0,100,2,16901,167,,,0,100,2,16889,167,,,0,100,2,16893,167,,,0,100,2,16892,167,,,0,99,2,16897,167,,,0,98,,16902,114,4,,0
1000800,'1b35495d-aca9-4880-9c03-ea0125f330bf',650,,16910,0,,,0,70,,16923,0,,,0,30,2,16917,118,,,0,71,2,16906,268,,,0,30,2,16909,268,,,0,70,2,16933,268,,,0,30,2,16915,268,,,0,70,2,16934,268,,,0,30,2,16912,268,,,0,70,2,16936,268,,,0,30,2,16907,268,,,0,70,2,16904,268,,,0,30,2,16937,268,,,0,70,2,16930,268,,,0,30,2,16932,268,,,0,70,2,16908,268,,,0,30,2,16914,268,,,0,70,2,16920,268,,,0,30,2,16939,268,,,0,70,2,16928,268,,,0,30,2,16903,268,,,0,72,4,16927,268,,,0,30,4,16929,268,,,0,70,4,16924,268,,,0,30,4,16926,268,,,0,66,,16925,174,4,,0,32,2,16938,268,,,0,100,2,16931,22,,,0,99,2,16918,22,,,0,100,2,16913,22,,,0,100,2,16905,22,,,0,98,,16919,25,4,,0
1000800,'569ca90d-ae31-44bc-8216-83ab4ba1f2e5',520,2,16941,118,,,0,30,2,16961,118,,,0,70,2,16940,268,,,0,30,2,16959,268,,,0,70,2,16955,268,,,0,30,2,16979,268,,,0,71,2,16946,227,,,0,30,2,16967,268,,,0,70,2,16962,268,,,0,30,2,16952,268,,,0,70,2,16942,268,,,0,30,2,16973,268,,,0,70,2,16969,268,,,0,30,2,16948,268,,,0,70,2,16971,268,,,0,30,2,16947,268,,,0,70,2,16964,268,,,0,30,2,16974,268,,,0,70,2,16965,268,,,0,30,2,16963,268,,,0,70,2,16975,227,,,0,30,2,16977,268,,,0,70,2,16966,268,,,0,30,2,16960,268,,,0,72,4,16953,268,,,0,30,4,16970,268,,,0,70,4,16945,268,,,0,30,4,16972,268,,,0,68,,16951,174,4,,0,30,2,16958,268,,,0,100,2,16968,22,,,0,99,2,16943,22,,,0,100,2,16950,22,,,0,104,2,16944,22,,,0,94,,16976,25,4,,0
1000800,'772cd25b-0e9f-4696-90a0-4adcc6f025f3',850,2,16981,22,,,0,101,2,17000,22,,,0,100,2,16984,22,,,0,100,2,16994,22,,,0,100,2,16997,22,,,0,100,2,16992,22,,,0,100,2,16982,22,,,0,100,2,16998,22,,,0,100,2,16990,22,,,0,100,2,17006,22,,,0,100,2,16985,22,,,0,100,2,16980,22,,,0,100,2,16987,22,,,0
1001200,'1b35495d-aca9-4880-9c03-ea0125f330bf',705,4,17093,121,,,0,30,2,17113,121,,,0,70,2,17109,121,,,0,30,2,17102,121,,,0,70,2,17119,121,,,0,30,2,17099,121,,,0,73,2,17111,121,,,0,30,2,17118,121,,,0,70,2,17104,121,,,0,38,4,17091,121,,,0,70,4,17092,121,,,0,30,4,17103,121,,,0,70,4,17101,121,,,0,40,4,17095,121,,,0,70,4,17117,121,,,0,30,4,17089,121,,,0,70,4,17096,121,,,0,80,4,17110,121,,,0,30,4,17105,121,,,0,70,4,17114,121,,,0,30,4,17090,121,,,0,80,4,17108,121,,,0,30,4,17100,121,,,0,70,4,17106,121,,,0,30,4,17116,121,,,0,73,4,17115,121,,,0,30,4,17107,121,,,0,70,4,17112,121,,,0,100,4,17098,121,,,0,100,4,17094,121,,,0,100,4,17097,121,,,0
1001200,'569ca90d-ae31-44bc-8216-83ab4ba1f2e5',554,,17141,0,,,0,67,2,17145,121,,,0,32,2,17150,121,,,0,74,2,17137,121,,,0,32,3,17126,121,,,0,70,3,17130,121,,,0,75,3,17147,121,,,0,35,3,17125,121,,,0,70,3,17133,121,,,0,30,3,17127,121,,,0,75,3,17123,121,,,0,35,3,17138,121,,,0,70,3,17143,121,,,0,30,3,17131,121,,,0,75,3,17129,121,,,0,35,3,17132,121,,,0,74,5,17135,121,,,0,75,5,17139,121,,,0,35,5,17151,121,,,0,75,5,17120,121,,,0,35,5,17124,121,,,0,75,5,17146,121,,,0,75,45,17149,121,,,0,29,5,17148,121,,,0,75,5,17121,121,,,0,35,5,17140,121,,,0,75,5,17134,121,,,0,30,5,17128,121,,,0,70,5,17122,121,,,0,100,5,17142,121,,,0,100,5,17136,121,,,0,105,,17144,121,,,0
1001200,'772cd25b-0e9f-4696-90a0-4adcc6f025f3',851,2,17163,121,,,0,100,2,17160,121,,,0,100,2,17164,121,,,0,103,2,17162,121,,,0,104,4,17157,121,,,0,100,4,17154,121,,,0,150,4,17165,121,,,0,100,4,17152,121,,,0,110,4,17155,121,,,0,100,4,17156,121,,,0,103,2,17158,121,,,0,100,2,17153,121,,,0,102,4,17161,121,,,0,100,4,17159,121,,,0
