1000700,'00b4df37-9ead-4621-87b1-b10de39e7a53',948,,8498,65,,,0,100,,8488,65,,,0,100,,8494,65,,,0,100,,8492,65,,,0,100,,8486,65,,,0,100,,8497,65,,,0,100,,8495,65,,,0,100,,8489,65,,,0,101,,8491,65,,,0,100,,8493,65,,,0,100,,8496,65,,,0,99,,8499,65,,,0,100,,8490,52,,,0
1000700,'1f462966-7865-4a53-81e8-bf17edfc4a48',548,,8501,65,,,0,70,,8529,65,,,0,30,,8515,65,,,0,65,,8507,65,,,0,33,,8517,65,,,0,67,,8508,65,,,0,35,,8500,65,,,0,70,,8523,65,,,0,30,,8525,65,,,0,70,,8505,65,,,0,30,,8514,65,,,0,70,,8520,65,,,0,30,,8532,65,,,0,70,,8531,65,,,0,30,,8528,65,,,0,70,,8511,65,,,0,29,,8516,65,,,0,70,,8524,65,,,0,30,,8530,65,,,0,70,,8512,65,,,0,30,,8526,65,,,0,70,,8521,65,,,0,29,,8513,65,,,0,70,,8533,65,,,0,32,,8502,65,,,0,70,,8519,65,,,0,32,,8527,65,,,0,98,,8503,65,,,0,101,,8504,65,,,0,98,,8509,65,,,0,102,,8522,65,,,0,96,,8506,54,,,0
1000700,'750deb35-6d38-499c-8a21-680b50a42db7',948,,8540,65,,,0,100,,8539,65,,,0,100,,8535,65,,,0,100,,8542,65,,,0,100,,8536,65,,,0,100,,8538,65,,,0,100,,8543,65,,,0,100,,8534,65,,,0,101,,8541,65,,,0,100,,8544,65,,,0,100,,8547,65,,,0,99,,8537,65,,,0,100,,8545,52,,,0
1000700,'b8cf426a-e7c2-4b1e-a046-1a350c71ef6f',648,,8554,65,,,0,70,,8568,65,,,0,30,,8561,65,,,0,70,,8579,65,,,0,30,,8551,65,,,0,70,,8558,65,,,0,30,,8569,65,,,0,70,,8563,65,,,0,30,,8567,65,,,0,79,,8574,65,,,0,21,,8565,65,,,0,70,,8577,65,,,0,30,,8566,65,,,0,70,,8552,65,,,0,30,,8576,65,,,0,70,,8572,65,,,0,30,,8571,65,,,0,70,,8573,65,,,0,30,,8570,65,,,0,70,,8560,65,,,0,30,,8557,65,,,0,70,,8550,65,,,0,31,,8556,65,,,0,70,,8575,65,,,0,30,,8578,65,,,0,100,,8548,65,,,0,99,,8555,65,,,0,100,,8553,65,,,0,100,,8562,65,,,0,100,,8549,52,,,0
1000700,'eff94312-f97b-4885-9572-54f138618b00',948,,8583,65,,,0,100,,8589,65,,,0,100,,8586,65,,,0,100,,8581,65,,,0,100,,8587,65,,,0,100,,8592,65,,,0,100,,8584,65,,,0,100,,8590,65,,,0,101,,8591,65,,,0,100,,8588,65,,,0,100,,8582,65,,,0,99,,8580,65,,,0,100,,8585,52,,,0
2000801,'00b4df37-9ead-4621-87b1-b10de39e7a53',933,,9432,71,,,0,100,,9424,188,,,0,100,,9433,188,,,0,100,,9422,188,,,0,100,,9420,188,,,0,100,,9426,188,,,0,100,,9425,188,,,0,100,,9431,188,,,0,97,,9429,188,,,0,100,,9423,188,,,0,100,,9428,188,,,0,99,,9427,188,,,0,100,,9421,188,,,0
2000801,'1f462966-7865-4a53-81e8-bf17edfc4a48',510,,9465,71,,,0,100,,9439,71,,,0,21,,9463,188,,,0,70,,9455,188,,,0,30,,9458,142,,,0,70,,9440,188,,,0,30,,9442,188,,,0,70,,9441,188,,,0,31,,9443,188,,,0,70,,9456,188,,,0,31,,9462,188,,,0,70,,9445,188,,,0,30,,9438,188,,,0,70,,9466,188,,,0,31,,9461,188,,,0,70,,9434,188,,,0,30,,9452,188,,,0,70,,9444,188,,,0,30,,9437,142,,,0,71,,9459,188,,,0,30,,9454,188,,,0,70,,9449,188,,,0,30,,9453,188,,,0,72,,9451,188,,,0,31,,9435,188,,,0,69,,9446,188,,,0,28,,9436,188,,,0,101,,9450,188,,,0,100,,9457,188,,,0,95,,9447,188,,,0,100,,9467,188,,,0,100,,9448,188,,,0
2000801,'750deb35-6d38-499c-8a21-680b50a42db7',933,,9469,71,,,0,100,,9468,188,,,0,100,,9481,188,,,0,100,,9472,188,,,0,100,,9479,188,,,0,100,,9473,188,,,0,100,,9476,188,,,0,100,,9480,188,,,0,97,,9475,188,,,0,100,,9478,188,,,0,100,,9474,188,,,0,99,,9477,188,,,0,100,,9470,188,,,0
2000801,'b8cf426a-e7c2-4b1e-a046-1a350c71ef6f',701,,9486,71,,,0,30,,9502,71,,,0,70,,9508,188,,,0,30,,9498,188,,,0,70,,9493,188,,,0,31,,9487,188,,,0,70,,9504,188,,,0,31,,9510,188,,,0,70,,9509,188,,,0,30,,9495,188,,,0,70,,9512,188,,,0,31,,9511,188,,,0,70,,9494,188,,,0,30,,9492,188,,,0,70,,9503,188,,,0,30,,9488,188,,,0,70,,9491,188,,,0,30,,9482,188,,,0,70,,9490,188,,,0,30,,9500,188,,,0,72,,9485,188,,,0,31,,9489,188,,,0,70,,9483,188,,,0,28,,9497,188,,,0,101,,9484,188,,,0,100,,9501,188,,,0,95,,9496,188,,,0,100,,9499,188,,,0,100,,9507,188,,,0
2000801,'eff94312-f97b-4885-9572-54f138618b00',933,,9515,71,,,0,100,,9520,188,,,0,100,,9521,188,,,0,100,,9525,188,,,0,100,,9522,188,,,0,100,,9523,188,,,0,100,,9519,188,,,0,100,,9518,188,,,0,97,,9513,188,,,0,100,,9517,188,,,0,100,,9526,188,,,0,99,,9514,188,,,0,100,,9524,188,,,0
