1100,'154e90ef-54de-4aa1-b79a-9173c729f119',857,,11543,103,,,0,100,,11533,103,,,0,100,,11537,103,,,0,100,,11535,103,,,0,100,,11532,103,,,0,100,,11541,103,,,0,100,,11538,103,,,0,100,,11539,103,,,0,100,,11542,103,,,0,100,,11531,103,,,0,100,,11530,103,,,0,100,,11540,103,,,0,100,,11534,103,,,0,100,,11536,103,,,0,100,,11529,103,,,0
1100,'3b5cc12f-d524-4b7c-b6d8-62db320c9a8e',857,,11549,103,,,0,100,,11552,103,,,0,100,,11547,103,,,0,100,,11545,103,,,0,100,,11544,103,,,0,100,,11553,103,,,0,100,,11554,103,,,0,100,,11550,103,,,0,100,,11556,103,,,0,100,,11548,103,,,0,100,,11555,103,,,0,100,,11546,103,,,0,100,,11557,103,,,0,100,,11551,103,,,0,100,,11558,103,,,0
1100,'a6b3ab3d-1ac4-4a06-b509-275cdf46045a',527,,11569,103,,,0,100,,11592,103,,,0,30,,11579,103,,,0,70,,11563,103,,,0,30,,11566,103,,,0,70,,11570,103,,,0,30,,11561,103,,,0,70,,11586,103,,,0,30,,11560,103,,,0,70,,11578,103,,,0,30,,11588,103,,,0,70,,11593,103,,,0,30,,11585,103,,,0,70,,11562,103,,,0,30,,11571,103,,,0,70,,11584,103,,,0,30,,11577,103,,,0,72,,11564,103,,,0,30,,11565,103,,,0,70,,11587,103,,,0,30,,11581,103,,,0,68,,11573,103,,,0,30,,11580,103,,,0,70,,11574,103,,,0,30,,11583,103,,,0,70,,11589,103,,,0,30,,11575,103,,,0,70,,11582,103,,,0,30,,11590,103,,,0,70,,11576,103,,,0,30,,11572,103,,,0,70,,11591,103,,,0,30,,11568,103,,,0,70,,11567,103,,,0,100,,11559,103,,,0
1100,'d4c40aff-0350-4cc0-a892-e4b60fbcfb5b',757,,11600,103,,,0,70,,11597,103,,,0,30,,11620,103,,,0,70,,11622,103,,,0,30,,11607,103,,,0,70,,11602,103,,,0,30,,11603,103,,,0,70,,11621,103,,,0,30,,11594,103,,,0,70,,11601,103,,,0,30,,11616,103,,,0,70,,11623,103,,,0,30,,11599,103,,,0,70,,11612,103,,,0,30,,11610,103,,,0,70,,11613,103,,,0,30,,11605,103,,,0,70,,11604,103,,,0,30,,11596,103,,,0,70,,11614,103,,,0,30,,11624,103,,,0,70,,11618,103,,,0,30,,11611,103,,,0,70,,11619,103,,,0,30,,11615,103,,,0,70,,11608,103,,,0,30,,11609,103,,,0,70,,11595,103,,,0,30,,11617,103,,,0,70,,11606,103,,,0,100,,11598,103,,,0
10100,'154e90ef-54de-4aa1-b79a-9173c729f119',749,,11770,135,,,0,85,,11762,135,,,0,85,,11773,135,,,0,85,,11761,135,,,0,45,,11756,135,,,0,85,,11775,135,,,0,22,,11763,135,,,0,63,,11774,135,,,0,27,,11765,135,,,0,63,,11757,135,,,0,28,,11772,135,,,0,65,,11760,135,,,0,26,,11766,135,,,0,25,,11767,135,,,0,66,,11768,135,,,0,25,,11777,135,,,0,66,,11771,135,,,0,25,,11755,135,,,0,24,,11781,135,,,0,64,,11782,135,,,0,24,,11759,135,,,0,64,,11769,135,,,0,90,,11779,135,,,0,48,,11758,135,,,0,86,,11764,135,,,0,86,,11780,135,,,0,86,,11776,135,,,0,46,,11778,135,,,0
10100,'3b5cc12f-d524-4b7c-b6d8-62db320c9a8e',749,,11799,135,,,0,85,,11793,135,,,0,85,,11792,135,,,0,85,,11802,135,,,0,45,,11808,135,,,0,85,,11807,135,,,0,22,,11784,135,,,0,63,,11810,135,,,0,27,,11796,135,,,0,63,,11786,135,,,0,28,,11809,135,,,0,65,,11797,135,,,0,26,,11795,135,,,0,25,,11785,135,,,0,66,,11790,135,,,0,25,,11787,135,,,0,66,,11788,135,,,0,25,,11803,135,,,0,24,,11806,135,,,0,64,,11800,135,,,0,24,,11791,135,,,0,64,,11804,135,,,0,90,,11801,135,,,0,48,,11789,135,,,0,86,,11805,135,,,0,86,,11794,135,,,0,86,,11798,135,,,0,46,,11783,135,,,0
10100,'a6b3ab3d-1ac4-4a06-b509-275cdf46045a',734,,11816,135,,,0,22,,11840,135,,,0,63,,11838,135,,,0,22,,11812,135,,,0,63,,11829,135,,,0,22,,11839,135,,,0,23,,11825,135,,,0,62,,11837,135,,,0,23,,11844,135,,,0,22,,11843,135,,,0,68,,11815,135,,,0,24,,11826,135,,,0,66,,11811,135,,,0,25,,11820,135,,,0,66,,11846,135,,,0,25,,11828,135,,,0,26,,11833,135,,,0,67,,11845,135,,,0,27,,11823,135,,,0,66,,11821,135,,,0,26,,11827,135,,,0,66,,11835,135,,,0,26,,11817,135,,,0,23,,11818,135,,,0,66,,11819,135,,,0,24,,11813,135,,,0,64,,11814,135,,,0,24,,11842,135,,,0,24,,11822,135,,,0,64,,11831,135,,,0,24,,11830,135,,,0,64,,11824,135,,,0,24,,11836,135,,,0,22,,11832,135,,,0,64,,11841,135,,,0,24,,11834,135,,,0,85,,11847,135,,,0
10100,'d4c40aff-0350-4cc0-a892-e4b60fbcfb5b',744,,11861,135,,,0,85,,11880,135,,,0,22,,11849,135,,,0,63,,11859,135,,,0,22,,11883,135,,,0,23,,11868,135,,,0,62,,11848,135,,,0,23,,11882,135,,,0,62,,11856,135,,,0,23,,11854,135,,,0,22,,11872,135,,,0,63,,11852,135,,,0,22,,11862,135,,,0,23,,11871,135,,,0,67,,11875,135,,,0,25,,11865,135,,,0,65,,11851,135,,,0,26,,11874,135,,,0,67,,11858,135,,,0,26,,11864,135,,,0,65,,11873,135,,,0,26,,11869,135,,,0,25,,11879,135,,,0,66,,11853,135,,,0,25,,11878,135,,,0,66,,11881,135,,,0,25,,11877,135,,,0,26,,11855,135,,,0,63,,11850,135,,,0,26,,11876,135,,,0,64,,11857,135,,,0,24,,11867,135,,,0,22,,11870,135,,,0,64,,11860,135,,,0,23,,11863,135,,,0,90,,11866,135,,,0
1000801,'154e90ef-54de-4aa1-b79a-9173c729f119',924,,12305,84,,,0,102,,12302,84,,,0,100,,12304,84,,,0,100,,12299,84,,,0,100,,12306,84,,,0,100,,12312,84,,,0,100,,12307,84,,,0,100,,12303,84,,,0,101,,12311,84,,,0,98,,12301,84,,,0,100,,12300,84,,,0,100,,12310,84,,,0,100,,12309,66,,,0
1000801,'3b5cc12f-d524-4b7c-b6d8-62db320c9a8e',924,,12322,84,,,0,102,,12320,84,,,0,100,,12315,84,,,0,100,,12317,84,,,0,100,,12319,84,,,0,100,,12313,84,,,0,100,,12321,84,,,0,100,,12325,84,,,0,101,,12323,84,,,0,98,,12316,84,,,0,100,,12324,84,,,0,100,,12314,84,,,0,100,,12326,66,,,0
1000801,'a6b3ab3d-1ac4-4a06-b509-275cdf46045a',553,,12360,84,,,0,70,,12357,84,,,0,30,,12342,84,,,0,70,,12345,84,,,0,30,,12331,84,,,0,70,,12333,84,,,0,32,,12340,84,,,0,70,,12328,84,,,0,30,,12334,84,,,0,70,,12361,84,,,0,30,,12359,84,,,0,70,,12339,84,,,0,31,,12346,84,,,0,70,,12343,84,,,0,30,,12353,84,,,0,70,,12349,84,,,0,30,,12327,84,,,0,70,,12330,84,,,0,30,,12354,84,,,0,70,,12337,84,,,0,30,,12362,84,,,0,71,,12351,84,,,0,30,,12347,84,,,0,70,,12348,84,,,0,30,,12335,84,,,0,70,,12358,84,,,0,30,,12332,66,,,0,70,,12329,84,,,0,98,,12352,84,,,0,100,,12341,84,,,0,98,,12336,84,,,0,100,,12350,66,,,0,103,,12344,66,,,0
1000801,'d4c40aff-0350-4cc0-a892-e4b60fbcfb5b',723,,12391,84,,,0,30,,12366,84,,,0,70,,12389,84,,,0,32,,12386,84,,,0,70,,12392,84,,,0,30,,12394,84,,,0,70,,12363,84,,,0,30,,12390,84,,,0,70,,12385,84,,,0,31,,12384,84,,,0,70,,12374,84,,,0,30,,12376,84,,,0,70,,12393,84,,,0,30,,12387,84,,,0,70,,12388,84,,,0,30,,12382,84,,,0,70,,12370,84,,,0,30,,12379,84,,,0,70,,12372,84,,,0,31,,12365,84,,,0,70,,12377,84,,,0,30,,12375,84,,,0,70,,12381,84,,,0,30,,12367,66,,,0,70,,12383,84,,,0,98,,12380,84,,,0,100,,12368,84,,,0,98,,12364,84,,,0,100,,12369,66,,,0,100,,12371,66,,,0
