1001200,'14cacc28-2982-4249-a540-ea9272e9dd35',812,,10685,4,,,0,100,,10682,4,,,0,100,,10684,4,,,0,103,,10690,4,,,0,100,,10688,4,,,0,100,,10687,4,,,0,110,,10689,4,,,0,100,,10691,4,,,0,110,,10680,4,,,0,100,,10683,4,,,0,107,,10678,4,,,0,100,,10681,4,,,0,100,,10686,4,,,0,100,,10679,4,,,0
1001200,'4b878b9a-e140-4079-87b4-3f561c421168',626,,10707,4,,,0,30,,10698,4,,,0,70,,10704,4,,,0,30,,10694,4,,,0,70,,10713,4,,,0,30,,10721,4,,,0,70,,10718,4,,,0,30,,10693,4,,,0,71,,10703,4,,,0,73,,10709,4,,,0,33,,10695,4,,,0,70,,10719,4,,,0,30,,10722,4,,,0,80,,10714,4,,,0,30,,10697,4,,,0,70,,10716,4,,,0,30,,10700,4,,,0,80,,10696,4,,,0,30,,10705,4,,,0,70,,10701,4,,,0,30,,10708,4,,,0,82,,10692,4,,,0,70,,10702,4,,,0,30,,10706,4,,,0,70,,10699,4,,,0,33,,10710,4,,,0,70,,10715,4,,,0,30,,10712,4,,,0,100,,10717,4,,,0,100,,10720,4,,,0,100,,10711,4,,,0
1001200,'749e498f-7e33-4303-8ce0-f7bae72749a0',812,,10732,4,,,0,100,,10730,4,,,0,100,,10736,4,,,0,103,,10734,4,,,0,100,,10724,4,,,0,100,,10726,4,,,0,110,,10727,4,,,0,100,,10728,4,,,0,110,,10723,4,,,0,100,,10731,4,,,0,107,,10725,4,,,0,100,,10729,4,,,0,100,,10735,4,,,0,100,,10733,4,,,0
1001200,'834e95da-96c6-4b8b-ab15-3ce7b44514e1',543,,10761,4,,,0,72,,10751,4,,,0,34,,10748,4,,,0,70,,10744,4,,,0,28,,10752,4,,,0,75,,10739,4,,,0,35,,10754,4,,,0,70,,10764,4,,,0,30,,10753,4,,,0,75,,10745,4,,,0,75,,10757,4,,,0,30,,10742,4,,,0,71,,10766,4,,,0,35,,10765,4,,,0,74,,10768,4,,,0,30,,10767,4,,,0,77,,10758,4,,,0,33,,10749,4,,,0,75,,10760,4,,,0,75,,10743,4,,,0,35,,10741,4,,,0,75,,10738,4,,,0,34,,10759,4,,,0,75,,10740,4,,,0,75,,10750,4,,,0,35,,10746,4,,,0,70,,10756,4,,,0,30,,10747,4,,,0,100,,10763,4,,,0,100,,10762,4,,,0,110,,10755,4,,,0
1001500,'14cacc28-2982-4249-a540-ea9272e9dd35',740,,10785,0,,,0,76,,10777,0,,,0,36,,10781,0,,,0,76,,10783,0,,,0,78,,10769,0,,,0,38,,10770,0,,,0,76,,10784,0,,,0,36,,10773,0,,,0,76,,10779,0,,,0,76,,10780,0,,,0,38,,10772,0,,,0,76,,10776,0,,,0,36,,10778,0,,,0,76,,10775,0,,,0,76,,10771,0,,,0,36,,10786,0,,,0,78,,10788,0,,,0,76,,10782,0,,,0,36,,10774,0,,,0,76,,10787,0,,,0
1001500,'4b878b9a-e140-4079-87b4-3f561c421168',740,,10800,0,,,0,76,,10794,0,,,0,36,,10791,0,,,0,76,,10798,0,,,0,78,,10795,0,,,0,38,,10806,0,,,0,76,,10801,0,,,0,36,,10805,0,,,0,76,,10797,0,,,0,76,,10793,0,,,0,38,,10790,0,,,0,76,,10796,0,,,0,36,,10802,0,,,0,76,,10808,0,,,0,76,,10803,0,,,0,36,,10792,0,,,0,78,,10807,0,,,0,76,,10789,0,,,0,36,,10799,0,,,0,76,,10804,0,,,0
1001500,'749e498f-7e33-4303-8ce0-f7bae72749a0',740,,10822,0,,,0,76,,10814,0,,,0,36,,10819,0,,,0,76,,10820,0,,,0,78,,10810,0,,,0,38,,10827,0,,,0,76,,10813,0,,,0,36,,10823,0,,,0,76,,10811,0,,,0,76,,10817,0,,,0,38,,10824,0,,,0,76,,10809,0,,,0,36,,10828,0,,,0,76,,10812,0,,,0,76,,10818,0,,,0,36,,10815,0,,,0,78,,10825,0,,,0,76,,10826,0,,,0,36,,10816,0,,,0,76,,10821,0,,,0
1001500,'834e95da-96c6-4b8b-ab15-3ce7b44514e1',554,,10834,0,,,0,76,,10830,0,,,0,78,,10835,0,,,0,38,,10837,0,,,0,82,,10849,0,,,0,80,,10829,0,,,0,40,,10838,0,,,0,80,,10836,0,,,0,80,,10846,0,,,0,40,,10841,0,,,0,80,,10831,0,,,0,82,,10832,0,,,0,42,,10845,0,,,0,82,,10843,0,,,0,82,,10839,0,,,0,40,,10833,0,,,0,80,,10842,0,,,0,80,,10847,0,,,0,42,,10848,0,,,0,82,,10840,0,,,0,82,,10844,0,,,0
2001500,'14cacc28-2982-4249-a540-ea9272e9dd35',816,,11368,39,4,,0,36,,11363,39,4,,0,76,,11358,39,4,,0,78,,11355,39,4,,0,38,,11370,39,4,,0,76,,11362,39,4,,0,36,,11352,39,4,,0,76,,11359,39,4,,0,76,,11369,39,4,,0,38,,11366,39,4,,0,76,,11353,39,4,,0,36,,11367,39,4,,0,76,,11351,39,4,,0,76,,11365,39,4,,0,36,,11364,39,4,,0,78,,11361,39,4,,0,76,,11354,39,4,,0,36,,11360,39,4,,0,76,,11356,39,4,,0,36,,11357,39,4,,0
2001500,'4b878b9a-e140-4079-87b4-3f561c421168',816,,11380,39,4,,0,36,,11377,39,4,,0,76,,11374,39,4,,0,78,,11390,39,4,,0,38,,11375,39,4,,0,76,,11376,39,4,,0,36,,11371,39,4,,0,76,,11379,39,4,,0,76,,11387,39,4,,0,38,,11389,39,4,,0,76,,11381,39,4,,0,36,,11388,39,4,,0,76,,11386,39,4,,0,76,,11373,39,4,,0,36,,11385,39,4,,0,78,,11372,39,4,,0,76,,11383,39,4,,0,36,,11382,39,4,,0,76,,11384,39,4,,0,36,,11378,39,4,,0
2001500,'749e498f-7e33-4303-8ce0-f7bae72749a0',816,,11396,39,4,,0,36,,11393,39,4,,0,76,,11403,39,4,,0,78,,11398,39,4,,0,38,,11410,39,4,,0,76,,11399,39,4,,0,36,,11392,39,4,,0,76,,11406,39,4,,0,76,,11409,39,4,,0,38,,11395,39,4,,0,76,,11404,39,4,,0,36,,11407,39,4,,0,76,,11401,39,4,,0,76,,11400,39,4,,0,36,,11394,39,4,,0,78,,11405,39,4,,0,76,,11408,39,4,,0,36,,11397,39,4,,0,76,,11391,39,4,,0,36,,11402,39,4,,0
2001500,'834e95da-96c6-4b8b-ab15-3ce7b44514e1',630,,11428,39,4,,0,78,,11417,39,4,,0,38,,11412,39,4,,0,82,,11425,39,4,,0,80,,11430,39,4,,0,40,,11413,39,4,,0,80,,11427,39,4,,0,80,,11421,39,4,,0,40,,11416,39,4,,0,80,,11422,39,4,,0,82,,11420,39,4,,0,42,,11419,39,4,,0,82,,11418,39,4,,0,82,,11426,39,4,,0,40,,11424,39,4,,0,80,,11414,39,4,,0,80,,11431,39,4,,0,42,,11429,39,4,,0,82,,11411,39,4,,0,82,,11423,39,4,,0,80,,11415,39,4,,0
