1000200,'00b4df37-9ead-4621-87b1-b10de39e7a53',939,,8374,24,,,0,100,,8367,24,,,0,71,,8366,24,,,0,100,,8379,24,,,0,30,,8371,24,,,0,100,,8380,24,,,0,70,,8363,24,,,0,100,,8364,24,,,0,30,,8365,24,,,0,100,,8377,24,,,0,70,,8376,24,,,0,100,,8375,24,,,0,30,,8372,24,,,0,100,,8369,24,,,0,69,,8378,24,,,0,100,,8373,24,,,0,30,,8381,24,,,0
1000200,'1f462966-7865-4a53-81e8-bf17edfc4a48',609,,8387,24,,,0,30,,8384,24,,,0,70,,8408,24,,,0,30,,8398,24,,,0,70,,8414,24,,,0,30,,8410,24,,,0,70,,8397,24,,,0,30,,8382,24,,,0,70,,8395,24,,,0,31,,8383,24,,,0,70,,8415,24,,,0,30,,8409,24,,,0,70,,8390,24,,,0,30,,8402,24,,,0,70,,8403,24,,,0,30,,8386,24,,,0,70,,8393,24,,,0,30,,8396,24,,,0,70,,8399,24,,,0,30,,8412,24,,,0,70,,8388,24,,,0,30,,8385,24,,,0,70,,8405,24,,,0,30,,8400,24,,,0,70,,8389,24,,,0,30,,8406,24,,,0,70,,8411,24,,,0,100,,8407,24,,,0,29,,8413,24,,,0,100,,8404,24,,,0,70,,8401,24,,,0,100,,8391,24,,,0
1000200,'750deb35-6d38-499c-8a21-680b50a42db7',939,,8429,24,,,0,100,,8420,24,,,0,71,,8432,24,,,0,100,,8427,24,,,0,30,,8419,24,,,0,100,,8426,24,,,0,70,,8434,24,,,0,100,,8428,24,,,0,30,,8423,24,,,0,100,,8416,24,,,0,70,,8433,24,,,0,100,,8430,24,,,0,30,,8422,24,,,0,100,,8417,24,,,0,69,,8425,24,,,0,100,,8431,24,,,0,30,,8421,24,,,0
1000200,'b8cf426a-e7c2-4b1e-a046-1a350c71ef6f',709,,8437,24,,,0,30,,8466,24,,,0,70,,8458,24,,,0,30,,8438,24,,,0,70,,8443,24,,,0,30,,8449,24,,,0,70,,8457,24,,,0,30,,8442,24,,,0,70,,8462,24,,,0,31,,8435,24,,,0,70,,8441,24,,,0,30,,8465,24,,,0,70,,8455,24,,,0,30,,8453,24,,,0,70,,8439,24,,,0,30,,8454,24,,,0,70,,8452,24,,,0,30,,8460,24,,,0,70,,8447,24,,,0,30,,8440,24,,,0,70,,8459,24,,,0,30,,8461,24,,,0,70,,8456,24,,,0,30,,8448,24,,,0,70,,8446,24,,,0,100,,8451,24,,,0,29,,8436,24,,,0,100,,8445,24,,,0,70,,8450,24,,,0,100,,8444,24,,,0
1000200,'eff94312-f97b-4885-9572-54f138618b00',939,,8478,24,,,0,100,,8481,24,,,0,71,,8479,24,,,0,100,,8468,24,,,0,30,,8471,24,,,0,100,,8475,24,,,0,70,,8477,24,,,0,100,,8469,24,,,0,30,,8472,24,,,0,100,,8480,24,,,0,70,,8467,24,,,0,100,,8484,24,,,0,30,,8473,24,,,0,100,,8485,24,,,0,69,,8474,24,,,0,100,,8470,24,,,0,30,,8482,24,,,0
1000800,'00b4df37-9ead-4621-87b1-b10de39e7a53',840,,8600,15,,,0,100,,8596,65,,,0,97,,8615,65,,,0,100,,8608,65,,,0,100,,8601,65,,,0,100,,8607,65,,,0,100,,8614,65,,,0,100,,8594,65,,,0,101,,8604,65,,,0,100,,8603,65,,,0,100,,8620,65,,,0,100,,8619,65,,,0,102,,8613,65,,,0,100,,8595,65,,,0
1000800,'1f462966-7865-4a53-81e8-bf17edfc4a48',440,,8649,12,,,0,69,,8622,12,,,0,31,,8624,117,,,0,70,,8639,117,,,0,30,,8637,117,,,0,70,,8625,117,,,0,27,,8643,74,,,0,73,,8660,117,,,0,30,,8632,117,,,0,70,,8640,117,,,0,30,,8635,117,,,0,70,,8638,117,,,0,27,,8623,117,,,0,70,,8652,117,,,0,30,,8650,117,,,0,70,,8641,117,,,0,30,,8621,117,,,0,70,,8654,117,,,0,30,,8631,117,,,0,70,,8655,117,,,0,30,,8659,74,,,0,70,,8636,117,,,0,30,,8645,117,,,0,70,,8656,117,,,0,31,,8633,117,,,0,70,,8658,117,,,0,30,,8627,117,,,0,70,,8657,117,,,0,30,,8648,65,,,0,70,,8646,117,,,0,30,,8628,65,,,0,102,,8653,65,,,0,100,,8642,65,,,0,100,,8626,65,,,0,100,,8651,65,,,0
1000800,'750deb35-6d38-499c-8a21-680b50a42db7',840,,8685,15,,,0,100,,8679,65,,,0,97,,8668,65,,,0,100,,8674,65,,,0,100,,8663,65,,,0,100,,8665,65,,,0,100,,8687,65,,,0,100,,8677,65,,,0,101,,8670,65,,,0,100,,8669,65,,,0,100,,8683,65,,,0,100,,8664,65,,,0,102,,8680,65,,,0,100,,8682,65,,,0
1000800,'b8cf426a-e7c2-4b1e-a046-1a350c71ef6f',710,,8706,12,,,0,30,,8688,117,,,0,70,,8701,117,,,0,30,,8711,117,,,0,70,,8698,117,,,0,30,,8724,117,,,0,70,,8723,117,,,0,27,,8705,117,,,0,70,,8708,117,,,0,30,,8718,117,,,0,70,,8713,117,,,0,30,,8693,117,,,0,70,,8707,117,,,0,30,,8689,117,,,0,70,,8700,117,,,0,30,,8699,117,,,0,70,,8721,117,,,0,30,,8714,117,,,0,70,,8694,117,,,0,31,,8722,117,,,0,70,,8695,117,,,0,30,,8709,117,,,0,70,,8702,117,,,0,30,,8696,65,,,0,70,,8710,117,,,0,30,,8703,65,,,0,102,,8715,65,,,0,100,,8690,65,,,0,100,,8697,65,,,0,100,,8712,65,,,0
1000800,'eff94312-f97b-4885-9572-54f138618b00',840,,8740,15,,,0,100,,8750,65,,,0,97,,8738,65,,,0,100,,8729,65,,,0,100,,8737,65,,,0,100,,8727,65,,,0,100,,8728,65,,,0,100,,8744,65,,,0,101,,8733,65,,,0,100,,8741,65,,,0,100,,8726,65,,,0,100,,8731,65,,,0,102,,8730,65,,,0,100,,8735,65,,,0
