2000700,'00b4df37-9ead-4621-87b1-b10de39e7a53',1015,,9173,147,,,0,100,,9165,147,,,0,100,,9175,147,,,0,100,,9167,147,,,0,100,,9169,147,,,0,100,,9171,147,,,0,100,,9170,147,,,0,100,,9172,147,,,0,100,,9174,147,,,0,102,,9164,147,,,0,100,,9166,147,,,0,100,,9168,147,,,0
2000700,'1f462966-7865-4a53-81e8-bf17edfc4a48',615,,9187,147,,,0,30,,9179,147,,,0,70,,9207,147,,,0,30,,9192,147,,,0,71,,9199,147,,,0,28,,9181,147,,,0,72,,9177,147,,,0,28,,9193,147,,,0,71,,9189,147,,,0,30,,9185,147,,,0,70,,9202,147,,,0,30,,9209,147,,,0,70,,9204,147,,,0,30,,9186,147,,,0,70,,9191,147,,,0,30,,9188,147,,,0,72,,9196,147,,,0,28,,9190,147,,,0,70,,9184,147,,,0,30,,9180,147,,,0,70,,9195,147,,,0,30,,9194,147,,,0,70,,9183,147,,,0,30,,9205,147,,,0,69,,9203,147,,,0,30,,9206,147,,,0,72,,9198,147,,,0,30,,9208,147,,,0,72,,9197,147,,,0,98,,9178,147,,,0,99,,9200,147,,,0,96,,9182,147,,,0
2000700,'750deb35-6d38-499c-8a21-680b50a42db7',1015,,9211,147,,,0,100,,9218,147,,,0,100,,9215,147,,,0,100,,9219,147,,,0,100,,9210,147,,,0,100,,9216,147,,,0,100,,9212,147,,,0,100,,9214,147,,,0,100,,9213,147,,,0,102,,9220,147,,,0,100,,9222,147,,,0,100,,9221,147,,,0
2000700,'b8cf426a-e7c2-4b1e-a046-1a350c71ef6f',715,,9249,147,,,0,30,,9230,147,,,0,71,,9251,147,,,0,30,,9231,147,,,0,70,,9235,147,,,0,30,,9233,147,,,0,69,,9245,147,,,0,30,,9250,147,,,0,70,,9246,147,,,0,30,,9238,147,,,0,70,,9253,147,,,0,30,,9223,147,,,0,70,,9243,147,,,0,30,,9234,147,,,0,70,,9236,147,,,0,30,,9247,147,,,0,70,,9232,147,,,0,30,,9241,147,,,0,70,,9225,147,,,0,30,,9239,147,,,0,70,,9237,147,,,0,30,,9228,147,,,0,70,,9224,147,,,0,30,,9240,147,,,0,72,,9248,147,,,0,30,,9227,147,,,0,70,,9242,147,,,0,100,,9226,147,,,0,90,,9252,147,,,0,107,,9229,147,,,0
2000700,'eff94312-f97b-4885-9572-54f138618b00',1015,,9266,147,,,0,100,,9256,147,,,0,100,,9254,147,,,0,100,,9261,147,,,0,100,,9257,147,,,0,100,,9263,147,,,0,100,,9259,147,,,0,100,,9265,147,,,0,100,,9260,147,,,0,102,,9262,147,,,0,100,,9264,147,,,0,100,,9258,147,,,0
2000801,'00b4df37-9ead-4621-87b1-b10de39e7a53',946,,9432,119,,,0,100,,9424,240,,,0,100,,9433,240,,,0,100,,9422,240,,,0,100,,9420,240,,,0,100,,9426,240,,,0,100,,9425,240,,,0,100,,9431,240,,,0,96,,9429,240,,,0,100,,9423,240,,,0,100,,9428,240,,,0,99,,9427,240,,,0,100,,9421,240,,,0
2000801,'1f462966-7865-4a53-81e8-bf17edfc4a48',522,,9465,119,,,0,100,,9439,119,,,0,21,,9463,240,,,0,70,,9455,240,,,0,30,,9458,194,,,0,70,,9440,240,,,0,31,,9442,240,,,0,70,,9441,240,,,0,29,,9443,240,,,0,70,,9456,240,,,0,31,,9462,240,,,0,72,,9445,240,,,0,30,,9438,240,,,0,70,,9466,240,,,0,31,,9461,240,,,0,70,,9434,240,,,0,30,,9452,240,,,0,70,,9444,240,,,0,30,,9437,194,,,0,73,,9459,240,,,0,30,,9454,240,,,0,70,,9449,240,,,0,30,,9453,240,,,0,71,,9451,240,,,0,31,,9435,240,,,0,67,,9446,240,,,0,28,,9436,240,,,0,101,,9450,240,,,0,100,,9457,240,,,0,95,,9447,240,,,0,100,,9467,240,,,0,100,,9448,240,,,0
2000801,'750deb35-6d38-499c-8a21-680b50a42db7',946,,9469,119,,,0,100,,9468,240,,,0,100,,9481,240,,,0,100,,9472,240,,,0,100,,9479,240,,,0,100,,9473,240,,,0,100,,9476,240,,,0,100,,9480,240,,,0,96,,9475,240,,,0,100,,9478,240,,,0,100,,9474,240,,,0,99,,9477,240,,,0,100,,9470,240,,,0
2000801,'b8cf426a-e7c2-4b1e-a046-1a350c71ef6f',713,,9486,119,,,0,30,,9502,119,,,0,70,,9508,240,,,0,31,,9498,240,,,0,70,,9493,240,,,0,29,,9487,240,,,0,70,,9504,240,,,0,33,,9510,240,,,0,70,,9509,240,,,0,30,,9495,240,,,0,70,,9512,240,,,0,31,,9511,240,,,0,70,,9494,240,,,0,30,,9492,240,,,0,70,,9503,240,,,0,30,,9488,240,,,0,70,,9491,240,,,0,30,,9482,240,,,0,70,,9490,240,,,0,30,,9500,240,,,0,72,,9485,240,,,0,31,,9489,240,,,0,69,,9483,240,,,0,28,,9497,240,,,0,101,,9484,240,,,0,100,,9501,240,,,0,95,,9496,240,,,0,100,,9499,240,,,0,100,,9507,240,,,0
2000801,'eff94312-f97b-4885-9572-54f138618b00',946,,9515,119,,,0,100,,9520,240,,,0,100,,9521,240,,,0,100,,9525,240,,,0,100,,9522,240,,,0,100,,9523,240,,,0,100,,9519,240,,,0,100,,9518,240,,,0,96,,9513,240,,,0,100,,9517,240,,,0,100,,9526,240,,,0,99,,9514,240,,,0,100,,9524,240,,,0
