10100,'00b4df37-9ead-4621-87b1-b10de39e7a53',756,,8141,146,,,0,85,,8136,146,,,0,85,,8139,146,,,0,85,,8128,146,,,0,45,,8120,146,,,0,85,,8121,146,,,0,62,,8133,146,,,0,23,,8143,146,,,0,28,,8124,146,,,0,63,,8135,146,,,0,28,,8147,146,,,0,65,,8134,146,,,0,26,,8123,146,,,0,65,,8144,146,,,0,26,,8127,146,,,0,25,,8145,146,,,0,66,,8140,146,,,0,24,,8130,146,,,0,64,,8126,146,,,0,24,,8129,146,,,0,24,,8131,146,,,0,64,,8142,146,,,0,90,,8137,146,,,0,48,,8132,146,,,0,86,,8146,146,,,0,86,,8138,146,,,0,86,,8125,146,,,0,86,,8122,146,,,0
10100,'1f462966-7865-4a53-81e8-bf17edfc4a48',741,,8157,146,,,0,62,,8150,146,,,0,23,,8154,146,,,0,22,,8174,146,,,0,63,,8153,146,,,0,22,,8182,146,,,0,23,,8177,146,,,0,62,,8167,146,,,0,23,,8178,146,,,0,62,,8161,146,,,0,29,,8181,146,,,0,24,,8155,146,,,0,66,,8176,146,,,0,25,,8184,146,,,0,66,,8160,146,,,0,25,,8169,146,,,0,66,,8180,146,,,0,27,,8159,146,,,0,27,,8166,146,,,0,66,,8158,146,,,0,26,,8164,146,,,0,66,,8163,146,,,0,26,,8165,146,,,0,62,,8183,146,,,0,26,,8173,146,,,0,24,,8179,146,,,0,64,,8172,146,,,0,24,,8152,146,,,0,64,,8151,146,,,0,24,,8148,146,,,0,24,,8168,146,,,0,64,,8170,146,,,0,24,,8149,146,,,0,62,,8156,146,,,0,24,,8171,146,,,0,24,,8175,146,,,0,85,,8162,146,,,0
10100,'750deb35-6d38-499c-8a21-680b50a42db7',756,,8201,146,,,0,85,,8186,146,,,0,85,,8200,146,,,0,85,,8185,146,,,0,45,,8188,146,,,0,85,,8195,146,,,0,62,,8193,146,,,0,23,,8190,146,,,0,28,,8203,146,,,0,63,,8199,146,,,0,28,,8210,146,,,0,65,,8197,146,,,0,26,,8202,146,,,0,65,,8198,146,,,0,26,,8212,146,,,0,25,,8206,146,,,0,66,,8205,146,,,0,24,,8189,146,,,0,64,,8194,146,,,0,24,,8196,146,,,0,24,,8204,146,,,0,64,,8211,146,,,0,90,,8192,146,,,0,48,,8187,146,,,0,86,,8207,146,,,0,86,,8191,146,,,0,86,,8208,146,,,0,86,,8209,146,,,0
10100,'b8cf426a-e7c2-4b1e-a046-1a350c71ef6f',751,,8223,146,,,0,85,,8235,146,,,0,22,,8233,146,,,0,63,,8227,146,,,0,22,,8229,146,,,0,63,,8242,146,,,0,22,,8239,146,,,0,23,,8216,146,,,0,62,,8243,146,,,0,23,,8232,146,,,0,22,,8238,146,,,0,63,,8224,146,,,0,22,,8228,146,,,0,63,,8244,146,,,0,28,,8245,146,,,0,25,,8215,146,,,0,65,,8213,146,,,0,26,,8240,146,,,0,67,,8214,146,,,0,26,,8246,146,,,0,65,,8234,146,,,0,26,,8226,146,,,0,25,,8225,146,,,0,66,,8236,146,,,0,25,,8241,146,,,0,66,,8248,146,,,0,25,,8220,146,,,0,66,,8218,146,,,0,22,,8231,146,,,0,26,,8219,146,,,0,64,,8221,146,,,0,24,,8247,146,,,0,62,,8217,146,,,0,24,,8230,146,,,0,23,,8222,146,,,0,90,,8237,146,,,0
10100,'eff94312-f97b-4885-9572-54f138618b00',756,,8251,146,,,0,85,,8250,146,,,0,85,,8275,146,,,0,85,,8273,146,,,0,45,,8271,146,,,0,85,,8258,146,,,0,62,,8257,146,,,0,23,,8253,146,,,0,28,,8270,146,,,0,63,,8255,146,,,0,28,,8268,146,,,0,65,,8267,146,,,0,26,,8259,146,,,0,65,,8276,146,,,0,26,,8260,146,,,0,25,,8262,146,,,0,66,,8256,146,,,0,24,,8254,146,,,0,64,,8274,146,,,0,24,,8269,146,,,0,24,,8252,146,,,0,64,,8249,146,,,0,90,,8272,146,,,0,48,,8263,146,,,0,86,,8264,146,,,0,86,,8265,146,,,0,86,,8266,146,,,0,86,,8261,146,,,0
2000700,'00b4df37-9ead-4621-87b1-b10de39e7a53',938,,9173,28,,,0,100,,9165,28,,,0,100,,9175,28,,,0,100,,9167,28,,,0,100,,9169,28,,,0,100,,9171,28,,,0,100,,9170,28,,,0,100,,9172,28,,,0,100,,9174,28,,,0,102,,9164,28,,,0,100,,9166,28,,,0,100,,9168,28,,,0,97,,9176,27,,,0
2000700,'1f462966-7865-4a53-81e8-bf17edfc4a48',540,,9187,28,,,0,70,,9179,28,,,0,30,,9207,28,,,0,70,,9192,28,,,0,30,,9199,28,,,0,65,,9181,28,,,0,35,,9177,28,,,0,65,,9193,28,,,0,33,,9189,28,,,0,70,,9185,28,,,0,30,,9202,28,,,0,70,,9209,28,,,0,30,,9204,28,,,0,70,,9186,28,,,0,30,,9191,28,,,0,70,,9188,28,,,0,30,,9196,28,,,0,70,,9190,28,,,0,31,,9184,28,,,0,70,,9180,28,,,0,30,,9195,28,,,0,70,,9194,28,,,0,30,,9183,28,,,0,70,,9205,28,,,0,28,,9203,28,,,0,70,,9206,28,,,0,32,,9198,28,,,0,70,,9208,28,,,0,32,,9197,28,,,0,98,,9178,28,,,0,99,,9200,28,,,0,96,,9182,28,,,0,104,,9201,27,,,0
2000700,'750deb35-6d38-499c-8a21-680b50a42db7',938,,9211,28,,,0,100,,9218,28,,,0,100,,9215,28,,,0,100,,9219,28,,,0,100,,9210,28,,,0,100,,9216,28,,,0,100,,9212,28,,,0,100,,9214,28,,,0,100,,9213,28,,,0,102,,9220,28,,,0,100,,9222,28,,,0,100,,9221,28,,,0,97,,9217,27,,,0
2000700,'b8cf426a-e7c2-4b1e-a046-1a350c71ef6f',640,,9249,28,,,0,70,,9230,28,,,0,30,,9251,28,,,0,70,,9231,28,,,0,30,,9235,28,,,0,70,,9233,28,,,0,28,,9245,28,,,0,70,,9250,28,,,0,30,,9246,28,,,0,70,,9238,28,,,0,30,,9253,28,,,0,70,,9223,28,,,0,30,,9243,28,,,0,70,,9234,28,,,0,30,,9236,28,,,0,70,,9247,28,,,0,30,,9232,28,,,0,70,,9241,28,,,0,30,,9225,28,,,0,70,,9239,28,,,0,30,,9237,28,,,0,70,,9228,28,,,0,30,,9224,28,,,0,70,,9240,28,,,0,31,,9248,28,,,0,71,,9227,28,,,0,30,,9242,28,,,0,100,,9226,28,,,0,97,,9252,28,,,0,100,,9229,28,,,0,100,,9244,27,,,0
2000700,'eff94312-f97b-4885-9572-54f138618b00',938,,9266,28,,,0,100,,9256,28,,,0,100,,9254,28,,,0,100,,9261,28,,,0,100,,9257,28,,,0,100,,9263,28,,,0,100,,9259,28,,,0,100,,9265,28,,,0,100,,9260,28,,,0,102,,9262,28,,,0,100,,9264,28,,,0,100,,9258,28,,,0,97,,9255,27,,,0
2001200,'00b4df37-9ead-4621-87b1-b10de39e7a53',814,,9534,19,,,0,100,,9537,19,,,0,100,,9539,19,,,0,100,,9527,19,,,0,103,,9528,19,,,0,106,,9531,19,,,0,100,,9538,19,,,0,110,,9535,19,,,0,100,,9540,19,,,0,110,,9529,19,,,0,100,,9533,19,,,0,101,,9532,19,,,0,100,,9530,19,,,0,102,,9536,19,,,0
2001200,'1f462966-7865-4a53-81e8-bf17edfc4a48',519,,9568,19,,,0,35,,9556,19,,,0,60,,9552,19,,,0,30,,9564,19,,,0,72,,9566,19,,,0,34,,9547,19,,,0,73,,9542,19,,,0,30,,9559,19,,,0,75,,9551,19,,,0,75,,9555,19,,,0,30,,9543,19,,,0,70,,9563,19,,,0,35,,9544,19,,,0,75,,9572,19,,,0,30,,9557,19,,,0,70,,9541,19,,,0,35,,9550,19,,,0,75,,9546,19,,,0,36,,9553,19,,,0,75,,9570,19,,,0,75,,9565,19,,,0,35,,9561,19,,,0,75,,9562,19,,,0,35,,9569,19,,,0,75,,9558,19,,,0,25,,9548,19,,,0,75,,9554,19,,,0,75,,9549,19,,,0,35,,9573,19,,,0,70,,9560,19,,,0,30,,9567,19,,,0,100,,9545,19,,,0,100,,9571,19,,,0
2001200,'750deb35-6d38-499c-8a21-680b50a42db7',814,,9582,19,,,0,100,,9586,19,,,0,100,,9575,19,,,0,100,,9577,19,,,0,103,,9580,19,,,0,106,,9578,19,,,0,100,,9579,19,,,0,110,,9583,19,,,0,100,,9581,19,,,0,110,,9585,19,,,0,100,,9584,19,,,0,101,,9587,19,,,0,100,,9576,19,,,0,102,,9574,19,,,0
2001200,'b8cf426a-e7c2-4b1e-a046-1a350c71ef6f',626,,9608,19,,,0,30,,9615,19,,,0,70,,9610,19,,,0,32,,9588,19,,,0,70,,9604,19,,,0,30,,9614,19,,,0,70,,9591,19,,,0,30,,9617,19,,,0,73,,9595,19,,,0,70,,9618,19,,,0,30,,9601,19,,,0,81,,9602,19,,,0,30,,9589,19,,,0,70,,9597,19,,,0,30,,9607,19,,,0,79,,9606,19,,,0,30,,9613,19,,,0,70,,9611,19,,,0,30,,9590,19,,,0,80,,9598,19,,,0,70,,9603,19,,,0,30,,9612,19,,,0,70,,9594,19,,,0,41,,9596,19,,,0,70,,9592,19,,,0,30,,9605,19,,,0,70,,9609,19,,,0,30,,9619,19,,,0,70,,9593,19,,,0,30,,9616,19,,,0,100,,9600,19,,,0,100,,9599,19,,,0
2001200,'eff94312-f97b-4885-9572-54f138618b00',814,,9630,19,,,0,100,,9623,19,,,0,100,,9626,19,,,0,100,,9624,19,,,0,103,,9632,19,,,0,106,,9627,19,,,0,100,,9633,19,,,0,110,,9629,19,,,0,100,,9628,19,,,0,110,,9620,19,,,0,100,,9622,19,,,0,101,,9621,19,,,0,100,,9625,19,,,0,102,,9631,19,,,0
