1000700,'00b4df37-9ead-4621-87b1-b10de39e7a53',1009,3,8498,127,,,0,100,3,8488,127,,,0,100,3,8494,127,,,0,100,3,8492,127,,,0,100,3,8486,127,,,0,100,3,8497,127,,,0,100,3,8495,127,,,0,100,3,8489,127,,,0,100,3,8491,127,,,0,100,3,8493,127,,,0,100,3,8496,127,,,0,99,3,8499,127,,,0,100,3,8490,89,,,0
1000700,'1f462966-7865-4a53-81e8-bf17edfc4a48',610,4,8501,127,,,0,30,4,8529,127,,,0,69,2,8515,127,,,0,24,,8507,127,,,0,76,4,8517,127,,,0,24,,8508,127,,,0,76,3,8500,127,,,0,30,3,8523,127,,,0,70,3,8525,127,,,0,30,3,8505,127,,,0,70,3,8514,127,,,0,30,3,8520,127,,,0,70,3,8532,127,,,0,30,7,8531,127,,,0,70,3,8528,127,,,0,30,3,8511,127,,,0,69,2,8516,127,,,0,30,2,8524,127,,,0,70,2,8530,127,,,0,30,2,8512,127,,,0,70,2,8526,127,,,0,30,2,8521,127,,,0,68,3,8513,127,,,0,30,3,8533,127,,,0,72,3,8502,127,,,0,30,3,8519,127,,,0,72,3,8527,127,,,0,98,3,8503,127,,,0,101,3,8504,127,,,0,98,3,8509,127,,,0,102,3,8522,127,,,0,96,3,8506,93,,,0
1000700,'750deb35-6d38-499c-8a21-680b50a42db7',1009,3,8540,127,,,0,100,3,8539,127,,,0,100,3,8535,127,,,0,100,3,8542,127,,,0,100,3,8536,127,,,0,100,3,8538,127,,,0,100,3,8543,127,,,0,100,3,8534,127,,,0,100,3,8541,127,,,0,100,3,8544,127,,,0,100,3,8547,127,,,0,99,3,8537,127,,,0,100,3,8545,89,,,0
1000700,'b8cf426a-e7c2-4b1e-a046-1a350c71ef6f',710,3,8554,127,,,0,30,3,8568,127,,,0,70,3,8561,127,,,0,30,3,8579,127,,,0,69,3,8551,127,,,0,30,3,8558,127,,,0,70,3,8569,127,,,0,30,3,8563,127,,,0,70,3,8567,127,,,0,30,3,8574,127,,,0,70,3,8565,127,,,0,30,3,8577,127,,,0,70,3,8566,127,,,0,30,3,8552,127,,,0,70,3,8576,127,,,0,30,3,8572,127,,,0,70,3,8571,127,,,0,30,3,8573,127,,,0,70,3,8570,127,,,0,30,3,8560,127,,,0,70,3,8557,127,,,0,30,3,8550,127,,,0,70,3,8556,127,,,0,30,3,8575,127,,,0,70,3,8578,127,,,0,100,3,8548,127,,,0,99,3,8555,127,,,0,100,3,8553,127,,,0,100,3,8562,127,,,0,100,3,8549,89,,,0
1000700,'eff94312-f97b-4885-9572-54f138618b00',1009,3,8583,127,,,0,100,3,8589,127,,,0,100,3,8586,127,,,0,100,3,8581,127,,,0,100,3,8587,127,,,0,100,3,8592,127,,,0,100,3,8584,127,,,0,100,3,8590,127,,,0,100,3,8591,127,,,0,100,3,8588,127,,,0,100,3,8582,127,,,0,99,3,8580,127,,,0,100,3,8585,89,,,0
2000700,'00b4df37-9ead-4621-87b1-b10de39e7a53',953,4,9173,70,,,0,100,4,9165,70,,,0,100,4,9175,70,,,0,100,4,9167,70,,,0,100,4,9169,70,,,0,100,4,9171,70,,,0,100,4,9170,70,,,0,100,4,9172,70,,,0,100,4,9174,70,,,0,102,4,9164,70,,,0,100,4,9166,70,,,0,100,4,9168,70,,,0
2000700,'1f462966-7865-4a53-81e8-bf17edfc4a48',554,5,9187,70,,,0,70,5,9179,70,,,0,30,5,9207,70,,,0,70,5,9192,70,,,0,30,4,9199,70,,,0,68,4,9181,70,,,0,32,4,9177,70,,,0,68,4,9193,70,,,0,31,4,9189,70,,,0,70,4,9185,70,,,0,30,4,9202,70,,,0,70,4,9209,70,,,0,30,4,9204,70,,,0,70,4,9186,70,,,0,30,4,9191,70,,,0,70,4,9188,70,,,0,32,6,9196,70,,,0,68,4,9190,70,,,0,30,2,9184,70,,,0,70,2,9180,70,,,0,30,2,9195,70,,,0,70,2,9194,70,,,0,30,2,9183,70,,,0,70,2,9205,70,,,0,29,4,9203,70,,,0,70,4,9206,70,,,0,32,4,9198,70,,,0,70,4,9208,70,,,0,32,4,9197,70,,,0,98,4,9178,70,,,0,99,5,9200,70,,,0,96,5,9182,70,,,0
2000700,'750deb35-6d38-499c-8a21-680b50a42db7',953,4,9211,70,,,0,100,4,9218,70,,,0,100,4,9215,70,,,0,100,4,9219,70,,,0,100,4,9210,70,,,0,100,4,9216,70,,,0,100,4,9212,70,,,0,100,4,9214,70,,,0,100,4,9213,70,,,0,102,4,9220,70,,,0,100,4,9222,70,,,0,100,4,9221,70,,,0
2000700,'b8cf426a-e7c2-4b1e-a046-1a350c71ef6f',654,5,9249,70,,,0,70,5,9230,70,,,0,30,4,9251,70,,,0,70,4,9231,70,,,0,30,4,9235,70,,,0,70,4,9233,70,,,0,29,4,9245,70,,,0,70,4,9250,70,,,0,30,4,9246,70,,,0,70,4,9238,70,,,0,30,4,9253,70,,,0,70,4,9223,70,,,0,30,4,9243,70,,,0,70,4,9234,70,,,0,30,4,9236,70,,,0,70,4,9247,70,,,0,30,4,9232,70,,,0,70,4,9241,70,,,0,30,4,9225,70,,,0,70,4,9239,70,,,0,30,4,9237,70,,,0,70,4,9228,70,,,0,30,4,9224,70,,,0,70,4,9240,70,,,0,32,4,9248,70,,,0,70,4,9227,70,,,0,30,4,9242,70,,,0,100,4,9226,70,,,0,97,5,9252,70,,,0,100,5,9229,70,,,0
2000700,'eff94312-f97b-4885-9572-54f138618b00',953,4,9266,70,,,0,100,4,9256,70,,,0,100,4,9254,70,,,0,100,4,9261,70,,,0,100,4,9257,70,,,0,100,4,9263,70,,,0,100,4,9259,70,,,0,100,4,9265,70,,,0,100,4,9260,70,,,0,102,4,9262,70,,,0,100,4,9264,70,,,0,100,4,9258,70,,,0
