1000,'00b4df37-9ead-4621-87b1-b10de39e7a53',840,,7745,157,,,0,99,,7753,157,,,0,100,,7748,157,,,0,100,,7750,157,,,0,100,,7747,157,,,0,100,,7740,157,,,0,100,,7752,157,,,0,100,,7741,157,,,0,100,,7746,157,,,0,100,,7742,157,,,0,100,,7743,157,,,0,100,,7751,157,,,0,100,,7749,157,,,0,100,,7744,157,,,0,100,,7739,157,,,0
1000,'1f462966-7865-4a53-81e8-bf17edfc4a48',610,,7759,157,,,0,30,,7787,157,,,0,70,,7769,157,,,0,30,,7767,157,,,0,69,,7783,157,,,0,30,,7754,157,,,0,70,,7758,157,,,0,30,,7768,157,,,0,70,,7756,157,,,0,30,,7760,157,,,0,70,,7757,157,,,0,30,,7780,157,,,0,70,,7766,157,,,0,30,,7761,157,,,0,70,,7774,157,,,0,30,,7775,157,,,0,70,,7772,157,,,0,30,,7777,157,,,0,70,,7771,157,,,0,30,,7776,157,,,0,70,,7764,157,,,0,30,,7778,157,,,0,70,,7770,157,,,0,30,,7785,157,,,0,70,,7782,157,,,0,30,,7763,157,,,0,70,,7765,157,,,0,30,,7786,157,,,0,70,,7784,157,,,0,30,,7788,157,,,0,70,,7781,157,,,0,30,,7773,157,,,0,70,,7779,157,,,0,100,,7762,157,,,0,100,,7755,157,,,0
1000,'750deb35-6d38-499c-8a21-680b50a42db7',840,,7791,157,,,0,99,,7800,157,,,0,100,,7792,157,,,0,100,,7794,157,,,0,100,,7790,157,,,0,100,,7803,157,,,0,100,,7799,157,,,0,100,,7802,157,,,0,100,,7796,157,,,0,100,,7801,157,,,0,100,,7798,157,,,0,100,,7793,157,,,0,100,,7797,157,,,0,100,,7795,157,,,0,100,,7789,157,,,0
1000,'b8cf426a-e7c2-4b1e-a046-1a350c71ef6f',740,,7831,157,,,0,69,,7819,157,,,0,30,,7807,157,,,0,70,,7812,157,,,0,30,,7823,157,,,0,70,,7824,157,,,0,30,,7829,157,,,0,70,,7814,157,,,0,30,,7832,157,,,0,70,,7833,157,,,0,30,,7806,157,,,0,70,,7830,157,,,0,30,,7820,157,,,0,70,,7835,157,,,0,30,,7810,157,,,0,70,,7815,157,,,0,30,,7821,157,,,0,70,,7826,157,,,0,30,,7811,157,,,0,70,,7818,157,,,0,30,,7828,157,,,0,70,,7804,157,,,0,30,,7825,157,,,0,70,,7808,157,,,0,30,,7816,157,,,0,70,,7809,157,,,0,30,,7822,157,,,0,70,,7827,157,,,0,30,,7813,157,,,0,70,,7805,157,,,0,100,,7834,157,,,0,100,,7817,157,,,0
1000,'eff94312-f97b-4885-9572-54f138618b00',840,,7839,157,,,0,99,,7845,157,,,0,100,,7842,157,,,0,100,,7840,157,,,0,100,,7837,157,,,0,100,,7838,157,,,0,100,,7847,157,,,0,100,,7846,157,,,0,100,,7850,157,,,0,100,,7848,157,,,0,100,,7836,157,,,0,100,,7841,157,,,0,100,,7843,157,,,0,100,,7844,157,,,0,100,,7849,157,,,0
2000800,'00b4df37-9ead-4621-87b1-b10de39e7a53',932,,9276,83,,,0,100,,9284,79,,,0,100,,9280,79,,,0,100,,9289,79,,,0,100,,9282,79,,,0,100,,9275,79,,,0,100,,9268,79,,,0,100,,9279,79,,,0,100,,9288,79,,,0,100,,9286,79,,,0,100,,9283,79,,,0,100,,9277,79,,,0,100,,9285,79,,,0
2000800,'1f462966-7865-4a53-81e8-bf17edfc4a48',533,,9299,83,,,0,70,,9308,83,,,0,30,,9302,140,,,0,70,,9322,83,,,0,29,,9321,140,,,0,70,,9331,140,,,0,30,,9328,140,,,0,70,,9309,140,,,0,30,,9306,140,,,0,70,,9312,140,,,0,30,,9311,140,,,0,70,,9318,140,,,0,30,,9293,140,,,0,70,,9305,140,,,0,30,,9320,140,,,0,70,,9313,140,,,0,30,,9304,140,,,0,70,,9296,140,,,0,30,,9330,140,,,0,70,,9319,140,,,0,30,,9326,140,,,0,71,,9294,140,,,0,31,,9329,140,,,0,69,,9314,140,,,0,30,,9307,140,,,0,70,,9316,140,,,0,30,,9300,140,,,0,102,,9297,140,,,0,98,,9315,79,,,0,100,,9323,79,,,0,100,,9310,79,,,0,100,,9298,79,,,0
2000800,'750deb35-6d38-499c-8a21-680b50a42db7',932,,9342,83,,,0,100,,9335,79,,,0,100,,9334,79,,,0,100,,9345,79,,,0,100,,9347,79,,,0,100,,9339,79,,,0,100,,9348,79,,,0,100,,9344,79,,,0,100,,9340,79,,,0,100,,9350,79,,,0,100,,9351,79,,,0,100,,9346,79,,,0,100,,9355,79,,,0
2000800,'b8cf426a-e7c2-4b1e-a046-1a350c71ef6f',703,,9388,79,,,0,29,,9383,79,,,0,70,,9392,79,,,0,30,,9371,140,,,0,70,,9358,140,,,0,30,,9360,140,,,0,70,,9380,140,,,0,30,,9376,140,,,0,70,,9382,140,,,0,30,,9386,140,,,0,70,,9364,140,,,0,30,,9377,140,,,0,70,,9378,140,,,0,30,,9361,140,,,0,70,,9389,140,,,0,30,,9374,140,,,0,70,,9367,140,,,0,30,,9384,140,,,0,71,,9369,140,,,0,30,,9372,140,,,0,70,,9387,140,,,0,30,,9379,140,,,0,70,,9390,140,,,0,30,,9373,140,,,0,100,,9365,140,,,0,100,,9366,79,,,0,100,,9370,79,,,0,100,,9362,79,,,0,100,,9363,79,,,0
2000800,'eff94312-f97b-4885-9572-54f138618b00',932,,9395,83,,,0,100,,9409,79,,,0,100,,9401,79,,,0,100,,9399,79,,,0,100,,9402,79,,,0,100,,9415,79,,,0,100,,9403,79,,,0,100,,9408,79,,,0,100,,9396,79,,,0,100,,9417,79,,,0,100,,9394,79,,,0,100,,9397,79,,,0,100,,9412,79,,,0
