1100,'14cacc28-2982-4249-a540-ea9272e9dd35',830,,9813,0,,,0,95,,9813,257,4,,0,5,,9822,0,,,0,96,,9822,257,4,,0,4,,9821,0,,,0,96,,9821,257,4,,0,4,,9825,0,,,0,96,,9825,257,4,,0,4,,9814,0,,,0,96,,9814,257,4,,0,4,,9817,0,,,0,96,,9817,257,4,,0,4,,9826,0,,,0,96,,9826,257,4,,0,4,,9816,0,,,0,96,,9816,257,4,,0,4,,9815,0,,,0,96,,9815,257,4,,0,4,,9823,0,,,0,95,,9823,257,4,,0,5,,9812,0,,,0,95,,9812,257,4,,0,5,,9818,0,,,0,95,,9818,257,4,,0,5,,9824,0,,,0,95,,9824,257,4,,0,5,,9819,0,,,0,95,,9819,257,4,,0,5,,9820,0,,,0,95,,9820,257,4,,0
1100,'4b878b9a-e140-4079-87b4-3f561c421168',730,,9843,0,,,0,70,,9846,0,,,0,25,,9843,257,4,,0,5,,9837,0,,,0,26,,9846,257,4,,0,44,,9848,0,,,0,26,,9837,257,4,,0,4,,9850,0,,,0,26,,9848,257,4,,0,44,,9851,0,,,0,26,,9850,257,4,,0,4,,9855,0,,,0,26,,9851,257,4,,0,44,,9839,0,,,0,26,,9855,257,4,,0,4,,9834,0,,,0,26,,9839,257,4,,0,44,,9827,0,,,0,26,,9834,257,4,,0,4,,9852,0,,,0,26,,9827,257,4,,0,44,,9838,0,,,0,26,,9852,257,4,,0,4,,9840,0,,,0,26,,9838,257,4,,0,44,,9841,0,,,0,26,,9840,257,4,,0,4,,9856,0,,,0,26,,9841,257,4,,0,44,,9854,0,,,0,26,,9856,257,4,,0,4,,9849,0,,,0,26,,9854,257,4,,0,44,,9832,0,,,0,26,,9849,257,4,,0,4,,9833,0,,,0,26,,9832,257,4,,0,44,,9835,0,,,0,26,,9833,257,4,,0,4,,9830,0,,,0,25,,9835,257,4,,0,45,,9836,0,,,0,25,,9830,257,4,,0,5,,9853,0,,,0,25,,9836,257,4,,0,45,,9831,0,,,0,25,,9853,257,4,,0,5,,9857,0,,,0,25,,9831,257,4,,0,45,,9828,0,,,0,25,,9857,257,4,,0,5,,9829,0,,,0,25,,9828,257,4,,0,45,,9847,0,,,0,25,,9829,257,4,,0,5,,9842,0,,,0,25,,9847,257,4,,0,45,,9845,0,,,0,25,,9842,257,4,,0,30,,9845,257,4,,0,45,,9844,0,,,0,55,,9844,257,4,,0
1100,'749e498f-7e33-4303-8ce0-f7bae72749a0',830,,9859,0,,,0,95,,9859,257,4,,0,5,,9866,0,,,0,96,,9866,257,4,,0,4,,9868,0,,,0,96,,9868,257,4,,0,4,,9858,0,,,0,96,,9858,257,4,,0,4,,9862,0,,,0,96,,9862,257,4,,0,4,,9860,0,,,0,96,,9860,257,4,,0,4,,9869,0,,,0,96,,9869,257,4,,0,4,,9871,0,,,0,96,,9871,257,4,,0,4,,9861,0,,,0,96,,9861,257,4,,0,4,,9865,0,,,0,95,,9865,257,4,,0,5,,9870,0,,,0,95,,9870,257,4,,0,5,,9863,0,,,0,95,,9863,257,4,,0,5,,9864,0,,,0,95,,9864,257,4,,0,5,,9872,0,,,0,95,,9872,257,4,,0,5,,9867,0,,,0,95,,9867,257,4,,0
1100,'834e95da-96c6-4b8b-ab15-3ce7b44514e1',500,,9885,0,,,0,55,,9885,257,4,,0,45,,9881,0,,,0,30,,9894,0,,,0,25,,9881,257,4,,0,45,,9880,0,,,0,26,,9894,257,4,,0,4,,9905,0,,,0,26,,9880,257,4,,0,44,,9903,0,,,0,26,,9905,257,4,,0,4,,9907,0,,,0,26,,9903,257,4,,0,44,,9895,0,,,0,26,,9907,257,4,,0,4,,9888,0,,,0,26,,9895,257,4,,0,44,,9874,0,,,0,26,,9888,257,4,,0,4,,9893,0,,,0,26,,9874,257,4,,0,44,,9886,0,,,0,26,,9893,257,4,,0,4,,9876,0,,,0,26,,9886,257,4,,0,44,,9879,0,,,0,26,,9876,257,4,,0,4,,9884,0,,,0,26,,9879,257,4,,0,44,,9896,0,,,0,26,,9884,257,4,,0,4,,9877,0,,,0,26,,9896,257,4,,0,44,,9897,0,,,0,26,,9877,257,4,,0,4,,9900,0,,,0,27,,9897,257,4,,0,43,,9883,0,,,0,27,,9900,257,4,,0,3,,9898,0,,,0,27,,9883,257,4,,0,43,,9890,0,,,0,27,,9898,257,4,,0,3,,9902,0,,,0,26,,9890,257,4,,0,44,,9875,0,,,0,26,,9902,257,4,,0,4,,9887,0,,,0,25,,9875,257,4,,0,45,,9889,0,,,0,25,,9887,257,4,,0,5,,9899,0,,,0,25,,9889,257,4,,0,45,,9882,0,,,0,25,,9899,257,4,,0,5,,9906,0,,,0,25,,9882,257,4,,0,45,,9892,0,,,0,25,,9906,257,4,,0,5,,9901,0,,,0,25,,9892,257,4,,0,45,,9878,0,,,0,25,,9901,257,4,,0,5,,9873,0,,,0,25,,9878,257,4,,0,45,,9904,0,,,0,25,,9873,257,4,,0,30,,9904,257,4,,0,45,,9891,0,,,0,55,,9891,257,4,,0
10100,'14cacc28-2982-4249-a540-ea9272e9dd35',720,,10055,0,,,0,80,,10055,154,4,,0,5,,10062,0,,,0,40,,10062,154,4,,0,5,,10063,0,,,0,80,,10063,154,4,,0,5,,10043,0,,,0,80,,10043,154,4,,0,5,,10052,0,,,0,80,,10052,154,4,,0,5,,10039,0,,,0,22,,10048,0,,,0,18,,10039,154,4,,0,5,,10042,0,,,0,57,,10048,154,4,,0,5,,10059,0,,,0,18,,10042,154,4,,0,5,,10058,0,,,0,23,,10059,154,4,,0,45,,10038,0,,,0,18,,10058,154,4,,0,7,,10061,0,,,0,21,,10038,154,4,,0,5,,10051,0,,,0,60,,10061,154,4,,0,5,,10041,0,,,0,21,,10051,154,4,,0,5,,10050,0,,,0,60,,10041,154,4,,0,5,,10049,0,,,0,21,,10050,154,4,,0,5,,10065,0,,,0,20,,10049,154,4,,0,47,,10053,0,,,0,19,,10065,154,4,,0,5,,10044,0,,,0,19,,10053,154,4,,0,5,,10047,0,,,0,59,,10044,154,4,,0,5,,10056,0,,,0,19,,10047,154,4,,0,5,,10045,0,,,0,19,,10056,154,4,,0,64,,10045,154,4,,0,7,,10057,0,,,0,83,,10057,154,4,,0,5,,10054,0,,,0,83,,10054,154,4,,0,5,,10046,0,,,0,41,,10046,154,4,,0,5,,10064,0,,,0,81,,10064,154,4,,0,5,,10040,0,,,0,81,,10040,154,4,,0,5,,10060,0,,,0,81,,10060,154,4,,0
10100,'4b878b9a-e140-4079-87b4-3f561c421168',715,,10094,0,,,0,40,,10094,154,4,,0,45,,10068,0,,,0,22,,10088,0,,,0,18,,10068,154,4,,0,5,,10074,0,,,0,57,,10088,154,4,,0,5,,10077,0,,,0,18,,10074,154,4,,0,5,,10100,0,,,0,17,,10077,154,4,,0,5,,10093,0,,,0,58,,10100,154,4,,0,5,,10092,0,,,0,17,,10093,154,4,,0,5,,10083,0,,,0,18,,10092,154,4,,0,45,,10071,0,,,0,17,,10083,154,4,,0,5,,10067,0,,,0,18,,10071,154,4,,0,5,,10082,0,,,0,57,,10067,154,4,,0,5,,10076,0,,,0,18,,10082,154,4,,0,5,,10090,0,,,0,17,,10076,154,4,,0,5,,10099,0,,,0,58,,10090,154,4,,0,7,,10070,0,,,0,21,,10099,154,4,,0,4,,10081,0,,,0,61,,10070,154,4,,0,5,,10098,0,,,0,20,,10081,154,4,,0,7,,10066,0,,,0,19,,10098,154,4,,0,47,,10072,0,,,0,20,,10066,154,4,,0,5,,10080,0,,,0,21,,10072,154,4,,0,5,,10085,0,,,0,60,,10080,154,4,,0,5,,10073,0,,,0,21,,10085,154,4,,0,5,,10091,0,,,0,60,,10073,154,4,,0,5,,10069,0,,,0,21,,10091,154,4,,0,5,,10078,0,,,0,20,,10069,154,4,,0,5,,10097,0,,,0,61,,10078,154,4,,0,5,,10095,0,,,0,20,,10097,154,4,,0,5,,10089,0,,,0,61,,10095,154,4,,0,5,,10087,0,,,0,17,,10089,154,4,,0,7,,10086,0,,,0,19,,10087,154,4,,0,45,,10096,0,,,0,19,,10086,154,4,,0,5,,10084,0,,,0,19,,10096,154,4,,0,5,,10079,0,,,0,57,,10084,154,4,,0,6,,10075,0,,,0,18,,10079,154,4,,0,23,,10075,154,4,,0,49,,10101,0,,,0,41,,10101,154,4,,0
10100,'749e498f-7e33-4303-8ce0-f7bae72749a0',720,,10120,0,,,0,80,,10120,154,4,,0,5,,10127,0,,,0,40,,10127,154,4,,0,5,,10103,0,,,0,80,,10103,154,4,,0,5,,10116,0,,,0,80,,10116,154,4,,0,5,,10106,0,,,0,80,,10106,154,4,,0,5,,10112,0,,,0,22,,10117,0,,,0,18,,10112,154,4,,0,5,,10125,0,,,0,57,,10117,154,4,,0,5,,10122,0,,,0,18,,10125,154,4,,0,5,,10124,0,,,0,23,,10122,154,4,,0,45,,10111,0,,,0,18,,10124,154,4,,0,7,,10113,0,,,0,21,,10111,154,4,,0,5,,10110,0,,,0,60,,10113,154,4,,0,5,,10102,0,,,0,21,,10110,154,4,,0,5,,10119,0,,,0,60,,10102,154,4,,0,5,,10129,0,,,0,21,,10119,154,4,,0,5,,10109,0,,,0,20,,10129,154,4,,0,47,,10121,0,,,0,19,,10109,154,4,,0,5,,10104,0,,,0,19,,10121,154,4,,0,5,,10118,0,,,0,59,,10104,154,4,,0,5,,10128,0,,,0,19,,10118,154,4,,0,5,,10105,0,,,0,19,,10128,154,4,,0,64,,10105,154,4,,0,7,,10115,0,,,0,83,,10115,154,4,,0,5,,10126,0,,,0,83,,10126,154,4,,0,5,,10123,0,,,0,41,,10123,154,4,,0,5,,10108,0,,,0,81,,10108,154,4,,0,5,,10114,0,,,0,81,,10114,154,4,,0,5,,10107,0,,,0,81,,10107,154,4,,0
10100,'834e95da-96c6-4b8b-ab15-3ce7b44514e1',705,,10130,0,,,0,22,,10154,0,,,0,18,,10130,154,4,,0,5,,10147,0,,,0,57,,10154,154,4,,0,5,,10164,0,,,0,18,,10147,154,4,,0,5,,10136,0,,,0,17,,10164,154,4,,0,5,,10131,0,,,0,58,,10136,154,4,,0,5,,10140,0,,,0,17,,10131,154,4,,0,5,,10163,0,,,0,58,,10140,154,4,,0,5,,10133,0,,,0,17,,10163,154,4,,0,5,,10151,0,,,0,18,,10133,154,4,,0,5,,10138,0,,,0,57,,10151,154,4,,0,7,,10146,0,,,0,22,,10138,154,4,,0,4,,10160,0,,,0,60,,10146,154,4,,0,5,,10144,0,,,0,21,,10160,154,4,,0,5,,10148,0,,,0,20,,10144,154,4,,0,5,,10139,0,,,0,61,,10148,154,4,,0,5,,10142,0,,,0,20,,10139,154,4,,0,7,,10137,0,,,0,59,,10142,154,4,,0,7,,10135,0,,,0,20,,10137,154,4,,0,6,,10132,0,,,0,61,,10135,154,4,,0,5,,10156,0,,,0,21,,10132,154,4,,0,5,,10153,0,,,0,21,,10156,154,4,,0,5,,10162,0,,,0,61,,10153,154,4,,0,5,,10165,0,,,0,21,,10162,154,4,,0,5,,10158,0,,,0,57,,10165,154,4,,0,7,,10157,0,,,0,19,,10158,154,4,,0,5,,10141,0,,,0,19,,10157,154,4,,0,45,,10159,0,,,0,19,,10141,154,4,,0,5,,10150,0,,,0,19,,10159,154,4,,0,5,,10149,0,,,0,59,,10150,154,4,,0,5,,10161,0,,,0,19,,10149,154,4,,0,5,,10155,0,,,0,19,,10161,154,4,,0,45,,10166,0,,,0,19,,10155,154,4,,0,5,,10134,0,,,0,19,,10166,154,4,,0,5,,10152,0,,,0,57,,10134,154,4,,0,7,,10143,0,,,0,17,,10152,154,4,,0,24,,10143,154,4,,0,44,,10145,0,,,0,41,,10145,154,4,,0
1000200,'14cacc28-2982-4249-a540-ea9272e9dd35',839,,10263,39,4,,0,100,,10256,39,4,,0,70,,10253,119,4,,0,100,,10260,119,4,,0,32,,10259,119,4,,0,100,,10270,119,4,,0,70,,10265,119,4,,0,100,,10261,119,4,,0,30,,10264,119,4,,0,100,,10267,119,4,,0,70,,10254,119,4,,0,100,,10255,119,4,,0,30,,10269,119,4,,0,99,,10268,119,4,,0,70,,10258,119,4,,0,100,,10257,119,4,,0,28,,10262,119,4,,0,100,,10271,119,4,,0,70,,10266,119,4,,0
1000200,'4b878b9a-e140-4079-87b4-3f561c421168',639,,10297,39,4,,0,70,,10275,39,4,,0,30,,10287,119,4,,0,70,,10294,119,4,,0,30,,10272,119,4,,0,70,,10280,119,4,,0,30,,10277,119,4,,0,70,,10299,119,4,,0,30,,10286,119,4,,0,70,,10289,119,4,,0,30,,10293,119,4,,0,72,,10274,119,4,,0,30,,10288,119,4,,0,70,,10292,119,4,,0,30,,10283,119,4,,0,70,,10295,119,4,,0,30,,10281,119,4,,0,70,,10282,119,4,,0,30,,10273,119,4,,0,70,,10279,119,4,,0,30,,10285,119,4,,0,70,,10290,119,4,,0,30,,10296,119,4,,0,70,,10298,119,4,,0,30,,10300,119,4,,0,69,,10302,119,4,,0,30,,10278,119,4,,0,100,,10291,119,4,,0,68,,10276,119,4,,0,100,,10303,119,4,,0,30,,10301,119,4,,0,100,,10284,119,4,,0
1000200,'749e498f-7e33-4303-8ce0-f7bae72749a0',839,,10313,39,4,,0,100,,10315,39,4,,0,70,,10319,119,4,,0,100,,10316,119,4,,0,32,,10308,119,4,,0,100,,10320,119,4,,0,70,,10321,119,4,,0,100,,10305,119,4,,0,30,,10312,119,4,,0,100,,10317,119,4,,0,70,,10314,119,4,,0,100,,10309,119,4,,0,30,,10318,119,4,,0,99,,10310,119,4,,0,70,,10311,119,4,,0,100,,10304,119,4,,0,28,,10306,119,4,,0,100,,10307,119,4,,0,70,,10322,119,4,,0
1000200,'834e95da-96c6-4b8b-ab15-3ce7b44514e1',539,,10344,39,4,,0,70,,10350,39,4,,0,30,,10327,119,4,,0,70,,10349,119,4,,0,30,,10345,119,4,,0,70,,10346,119,4,,0,30,,10329,119,4,,0,70,,10354,119,4,,0,30,,10356,119,4,,0,70,,10351,119,4,,0,30,,10355,119,4,,0,72,,10338,119,4,,0,30,,10339,119,4,,0,70,,10347,119,4,,0,30,,10341,119,4,,0,70,,10323,119,4,,0,30,,10330,119,4,,0,70,,10343,119,4,,0,32,,10324,119,4,,0,70,,10334,119,4,,0,30,,10333,119,4,,0,70,,10328,119,4,,0,30,,10336,119,4,,0,70,,10325,119,4,,0,30,,10342,119,4,,0,67,,10340,119,4,,0,30,,10335,119,4,,0,70,,10331,119,4,,0,30,,10326,119,4,,0,100,,10353,119,4,,0,68,,10348,119,4,,0,100,,10337,119,4,,0,30,,10332,119,4,,0,100,,10352,119,4,,0
2000200,'14cacc28-2982-4249-a540-ea9272e9dd35',848,,10863,0,,,0,100,,10859,0,,,0,70,,10854,0,,,0,100,,10862,0,,,0,31,,10860,0,,,0,100,,10865,0,,,0,70,,10861,0,,,0,100,,10856,0,,,0,30,,10851,0,,,0,100,,10866,0,,,0,70,,10850,0,,,0,100,,10853,0,,,0,30,,10857,0,,,0,100,,10855,0,,,0,70,,10852,0,,,0,100,,10858,0,,,0,29,,10864,0,,,0,100,,10867,0,,,0
2000200,'4b878b9a-e140-4079-87b4-3f561c421168',648,,10877,0,,,0,70,,10886,0,,,0,30,,10869,0,,,0,70,,10883,0,,,0,30,,10884,0,,,0,70,,10871,0,,,0,30,,10881,0,,,0,70,,10892,0,,,0,30,,10868,0,,,0,70,,10895,0,,,0,30,,10897,0,,,0,71,,10888,0,,,0,30,,10878,0,,,0,70,,10896,0,,,0,30,,10874,0,,,0,70,,10873,0,,,0,30,,10879,0,,,0,70,,10872,0,,,0,30,,10894,0,,,0,70,,10875,0,,,0,30,,10887,0,,,0,70,,10889,0,,,0,30,,10876,0,,,0,70,,10891,0,,,0,30,,10870,0,,,0,70,,10890,0,,,0,30,,10885,0,,,0,100,,10880,0,,,0,69,,10893,0,,,0,100,,10882,0,,,0
2000200,'749e498f-7e33-4303-8ce0-f7bae72749a0',848,,10914,0,,,0,100,,10915,0,,,0,70,,10911,0,,,0,100,,10900,0,,,0,31,,10905,0,,,0,100,,10907,0,,,0,70,,10902,0,,,0,100,,10909,0,,,0,30,,10901,0,,,0,100,,10913,0,,,0,70,,10904,0,,,0,100,,10903,0,,,0,30,,10908,0,,,0,100,,10899,0,,,0,70,,10898,0,,,0,100,,10910,0,,,0,29,,10912,0,,,0,100,,10906,0,,,0
2000200,'834e95da-96c6-4b8b-ab15-3ce7b44514e1',548,,10916,0,,,0,70,,10926,0,,,0,30,,10932,0,,,0,70,,10943,0,,,0,30,,10931,0,,,0,70,,10923,0,,,0,30,,10925,0,,,0,70,,10938,0,,,0,30,,10920,0,,,0,70,,10936,0,,,0,30,,10939,0,,,0,70,,10944,0,,,0,30,,10946,0,,,0,70,,10927,0,,,0,30,,10935,0,,,0,70,,10945,0,,,0,30,,10922,0,,,0,70,,10929,0,,,0,30,,10930,0,,,0,70,,10942,0,,,0,30,,10917,0,,,0,70,,10921,0,,,0,30,,10924,0,,,0,70,,10934,0,,,0,30,,10928,0,,,0,70,,10937,0,,,0,30,,10947,0,,,0,70,,10940,0,,,0,30,,10933,0,,,0,100,,10919,0,,,0,70,,10941,0,,,0,100,,10918,0,,,0
2000700,'14cacc28-2982-4249-a540-ea9272e9dd35',943,2,10958,38,,,0,100,2,10960,38,,,0,100,2,10957,38,,,0,100,2,10953,38,,,0,100,2,10954,38,,,0,100,2,10950,38,,,0,100,2,10951,38,,,0,100,2,10956,38,,,0,100,2,10949,38,,,0,102,2,10952,38,,,0,100,2,10955,38,,,0,100,2,10948,38,,,0,95,,10959,35,4,,0
2000700,'4b878b9a-e140-4079-87b4-3f561c421168',645,2,10961,38,,,0,70,2,10970,38,,,0,29,,10969,38,,,0,70,,10980,38,,,0,30,,10986,38,,,0,70,,10987,38,,,0,29,2,10990,38,,,0,70,2,10984,38,,,0,30,2,10973,38,,,0,70,2,10979,38,,,0,30,2,10975,38,,,0,70,2,10963,38,,,0,30,2,10978,38,,,0,70,2,10991,38,,,0,30,2,10983,38,,,0,70,2,10971,38,,,0,30,2,10965,38,,,0,70,2,10964,38,,,0,30,2,10985,38,,,0,70,2,10989,38,,,0,30,2,10962,38,,,0,70,2,10988,38,,,0,30,2,10968,38,,,0,70,2,10977,38,,,0,32,3,10982,38,,,0,70,2,10967,38,,,0,30,2,10972,38,,,0,100,2,10976,38,,,0,97,2,10966,38,,,0,100,2,10981,38,,,0,98,,10974,35,4,,0
2000700,'749e498f-7e33-4303-8ce0-f7bae72749a0',943,2,10993,38,,,0,100,2,10998,38,,,0,100,2,11002,38,,,0,100,2,10992,38,,,0,100,2,10996,38,,,0,100,2,11004,38,,,0,100,2,10999,38,,,0,100,2,10997,38,,,0,100,2,10995,38,,,0,102,2,11000,38,,,0,100,2,11001,38,,,0,100,2,11003,38,,,0,95,,10994,35,4,,0
2000700,'834e95da-96c6-4b8b-ab15-3ce7b44514e1',545,2,11021,38,,,0,70,2,11025,38,,,0,30,2,11031,38,,,0,70,2,11027,38,,,0,29,,11017,38,,,0,68,4,11014,38,,,0,32,,11029,38,,,0,68,4,11026,38,,,0,31,2,11032,38,,,0,70,2,11007,38,,,0,30,2,11033,38,,,0,70,2,11035,38,,,0,30,2,11015,38,,,0,70,2,11023,38,,,0,30,2,11005,38,,,0,70,2,11037,38,,,0,30,2,11028,38,,,0,70,2,11012,38,,,0,30,,11011,38,,,0,70,,11010,38,,,0,30,,11013,38,,,0,70,,11034,38,,,0,30,,11008,38,,,0,70,,11024,38,,,0,29,2,11006,38,,,0,70,2,11016,38,,,0,32,2,11030,38,,,0,70,2,11020,38,,,0,32,2,11036,38,,,0,98,2,11018,38,,,0,99,2,11019,38,,,0,96,2,11022,38,,,0,102,,11009,35,4,,0
2000801,'14cacc28-2982-4249-a540-ea9272e9dd35',911,,11165,0,,,0,100,4,11166,116,,,0,100,2,11171,116,,,0,100,2,11168,116,,,0,100,2,11173,116,,,0,100,2,11172,116,,,0,100,2,11178,116,,,0,100,2,11174,116,,,0,97,2,11169,116,,,0,100,2,11167,116,,,0,100,2,11170,116,,,0,99,3,11175,116,,,0,100,3,11176,116,,,0,100,3,11177,92,,,0
2000801,'4b878b9a-e140-4079-87b4-3f561c421168',640,,11181,0,,,0,70,,11187,0,,,0,30,4,11204,116,,,0,69,2,11186,116,,,0,30,2,11196,116,,,0,71,3,11195,116,,,0,30,3,11182,116,,,0,71,2,11183,116,,,0,30,2,11194,116,,,0,70,2,11209,116,,,0,30,2,11185,116,,,0,71,3,11198,116,,,0,30,3,11199,116,,,0,70,3,11205,116,,,0,30,3,11206,116,,,0,70,3,11193,116,,,0,30,3,11190,116,,,0,70,3,11189,116,,,0,30,3,11201,116,,,0,70,3,11207,116,,,0,32,3,11203,116,,,0,71,4,11180,116,,,0,28,5,11192,116,,,0,70,5,11184,116,,,0,30,5,11202,92,,,0,71,5,11179,116,,,0,98,5,11191,116,,,0,97,2,11188,116,,,0,100,2,11197,116,,,0,100,2,11208,116,,,0,100,2,11200,92,,,0
2000801,'749e498f-7e33-4303-8ce0-f7bae72749a0',911,,11211,0,,,0,100,4,11223,116,,,0,100,2,11213,116,,,0,100,2,11214,116,,,0,100,2,11217,116,,,0,100,2,11220,116,,,0,100,2,11221,116,,,0,100,2,11218,116,,,0,97,2,11212,116,,,0,100,2,11219,116,,,0,100,2,11216,116,,,0,99,3,11210,116,,,0,100,3,11215,116,,,0,100,3,11222,92,,,0
2000801,'834e95da-96c6-4b8b-ab15-3ce7b44514e1',449,,11226,0,,,0,100,,11242,0,,,0,61,3,11234,116,,,0,30,3,11249,116,,,0,70,3,11248,80,,,0,30,3,11225,116,,,0,69,2,11232,116,,,0,30,2,11247,116,,,0,71,3,11235,116,,,0,30,3,11251,116,,,0,71,2,11245,116,,,0,30,2,11252,116,,,0,70,2,11244,116,,,0,30,2,11233,116,,,0,71,3,11255,116,,,0,30,3,11236,116,,,0,70,3,11239,116,,,0,30,3,11250,116,,,0,70,3,11231,80,,,0,29,2,11246,116,,,0,70,2,11238,116,,,0,30,2,11256,116,,,0,70,2,11224,116,,,0,32,3,11257,116,,,0,71,3,11237,116,,,0,29,5,11227,116,,,0,70,5,11229,116,,,0,30,5,11243,92,,,0,71,5,11254,116,,,0,98,5,11240,116,,,0,97,2,11253,116,,,0,100,2,11228,116,,,0,100,2,11241,116,,,0,100,2,11230,92,,,0
2001200,'14cacc28-2982-4249-a540-ea9272e9dd35',820,2,11264,30,,,0,100,2,11266,30,,,0,100,2,11267,30,,,0,100,2,11265,30,,,0,103,2,11271,30,,,0,109,4,11260,30,,,0,100,4,11258,30,,,0,110,4,11263,30,,,0,100,4,11270,30,,,0,110,4,11268,30,,,0,100,4,11261,30,,,0,100,4,11259,30,,,0,100,4,11269,30,,,0,102,4,11262,30,,,0
2001200,'4b878b9a-e140-4079-87b4-3f561c421168',635,5,11275,30,,,0,70,5,11291,30,,,0,30,5,11282,30,,,0,69,2,11273,30,,,0,30,2,11272,30,,,0,70,2,11287,30,,,0,30,2,11290,30,,,0,70,2,11297,30,,,0,33,2,11298,30,,,0,70,2,11276,30,,,0,30,2,11286,30,,,0,84,4,11292,30,,,0,30,4,11300,30,,,0,70,4,11283,30,,,0,30,4,11278,30,,,0,79,4,11302,30,,,0,70,44,11274,30,,,0,30,4,11284,30,,,0,70,44,11296,30,,,0,40,4,11288,30,,,0,70,4,11295,30,,,0,30,4,11294,30,,,0,70,4,11277,30,,,0,40,4,11301,30,,,0,70,4,11280,30,,,0,30,4,11285,30,,,0,70,4,11303,30,,,0,30,4,11299,30,,,0,70,4,11293,30,,,0,30,4,11281,30,,,0,100,4,11289,30,,,0,100,4,11279,30,,,0
2001200,'749e498f-7e33-4303-8ce0-f7bae72749a0',820,2,11308,30,,,0,100,2,11317,30,,,0,100,2,11310,30,,,0,100,2,11311,30,,,0,103,2,11314,30,,,0,109,4,11312,30,,,0,100,4,11309,30,,,0,110,4,11313,30,,,0,100,4,11306,30,,,0,110,4,11304,30,,,0,100,4,11307,30,,,0,100,4,11315,30,,,0,100,4,11305,30,,,0,102,4,11316,30,,,0
2001200,'834e95da-96c6-4b8b-ab15-3ce7b44514e1',525,2,11348,30,,,0,75,42,11326,30,,,0,23,5,11350,30,,,0,29,4,11321,30,,,0,73,5,11339,30,,,0,34,5,11329,30,,,0,73,5,11318,30,,,0,70,45,11327,30,,,0,35,5,11343,30,,,0,75,5,11319,30,,,0,30,5,11332,30,,,0,70,5,11345,30,,,0,35,5,11342,30,,,0,74,3,11336,30,,,0,30,3,11328,30,,,0,70,3,11322,30,,,0,35,3,11341,30,,,0,75,3,11338,30,,,0,78,5,11334,30,,,0,35,5,11344,30,,,0,75,5,11324,30,,,0,35,5,11346,30,,,0,75,5,11333,30,,,0,75,45,11331,30,,,0,35,5,11349,30,,,0,64,45,11323,30,,,0,35,5,11340,30,,,0,75,5,11330,30,,,0,35,5,11325,30,,,0,70,5,11347,30,,,0,30,5,11320,30,,,0,100,5,11337,30,,,0,100,5,11335,30,,,0
