1000,'14cacc28-2982-4249-a540-ea9272e9dd35',810,,9715,2,,,0,100,,9729,2,,,0,100,,9725,2,,,0,100,,9720,2,,,0,100,,9726,2,,,0,100,,9719,2,,,0,100,,9718,2,,,0,100,,9716,2,,,0,100,,9724,2,,,0,101,,9728,2,,,0,100,,9723,2,,,0,100,,9722,2,,,0,100,,9717,2,,,0,100,,9721,2,,,0,100,,9727,2,,,0
1000,'4b878b9a-e140-4079-87b4-3f561c421168',710,,9761,2,,,0,30,,9735,2,,,0,70,,9754,2,,,0,30,,9759,2,,,0,70,,9758,2,,,0,30,,9753,2,,,0,70,,9752,2,,,0,30,,9757,2,,,0,70,,9739,2,,,0,30,,9741,2,,,0,70,,9742,2,,,0,30,,9751,2,,,0,70,,9740,2,,,0,30,,9755,2,,,0,70,,9744,2,,,0,30,,9732,2,,,0,70,,9756,2,,,0,30,,9743,2,,,0,70,,9731,2,,,0,31,,9730,2,,,0,70,,9749,2,,,0,30,,9738,2,,,0,70,,9745,2,,,0,30,,9750,2,,,0,70,,9737,2,,,0,30,,9736,2,,,0,70,,9733,2,,,0,30,,9760,2,,,0,70,,9746,2,,,0,30,,9734,2,,,0,100,,9747,2,,,0,100,,9748,2,,,0
1000,'749e498f-7e33-4303-8ce0-f7bae72749a0',810,,9764,2,,,0,100,,9775,2,,,0,100,,9768,2,,,0,100,,9766,2,,,0,100,,9769,2,,,0,100,,9762,2,,,0,100,,9767,2,,,0,100,,9773,2,,,0,100,,9774,2,,,0,101,,9763,2,,,0,100,,9776,2,,,0,100,,9770,2,,,0,100,,9772,2,,,0,100,,9765,2,,,0,100,,9771,2,,,0
1000,'834e95da-96c6-4b8b-ab15-3ce7b44514e1',540,,9799,2,,,0,70,,9791,2,,,0,30,,9802,2,,,0,70,,9800,2,,,0,30,,9794,2,,,0,70,,9809,2,,,0,30,,9790,2,,,0,70,,9808,2,,,0,30,,9806,2,,,0,70,,9807,2,,,0,30,,9787,2,,,0,70,,9785,2,,,0,30,,9781,2,,,0,70,,9777,2,,,0,30,,9793,2,,,0,70,,9805,2,,,0,30,,9789,2,,,0,70,,9784,2,,,0,30,,9797,2,,,0,70,,9801,2,,,0,30,,9782,2,,,0,70,,9792,2,,,0,31,,9783,2,,,0,70,,9796,2,,,0,30,,9810,2,,,0,70,,9788,2,,,0,30,,9803,2,,,0,70,,9804,2,,,0,30,,9778,2,,,0,70,,9795,2,,,0,30,,9798,2,,,0,70,,9811,2,,,0,30,,9786,2,,,0,100,,9779,2,,,0,100,,9780,2,,,0
10000,'14cacc28-2982-4249-a540-ea9272e9dd35',743,,9929,1,,,0,89,,9916,1,,,0,89,,9913,1,,,0,89,,9933,1,,,0,49,,9931,1,,,0,64,,9920,1,,,0,25,,9908,1,,,0,64,,9915,1,,,0,25,,9926,1,,,0,64,,9935,1,,,0,25,,9924,1,,,0,24,,9912,1,,,0,65,,9932,1,,,0,24,,9930,1,,,0,65,,9928,1,,,0,24,,9922,1,,,0,25,,9914,1,,,0,65,,9925,1,,,0,26,,9910,1,,,0,65,,9911,1,,,0,26,,9921,1,,,0,65,,9927,1,,,0,47,,9919,1,,,0,87,,9934,1,,,0,87,,9917,1,,,0,87,,9909,1,,,0,46,,9923,1,,,0,86,,9918,1,,,0
10000,'4b878b9a-e140-4079-87b4-3f561c421168',741,,9939,1,,,0,64,,9958,1,,,0,25,,9965,1,,,0,24,,9962,1,,,0,65,,9964,1,,,0,24,,9960,1,,,0,65,,9971,1,,,0,24,,9947,1,,,0,25,,9957,1,,,0,64,,9961,1,,,0,25,,9967,1,,,0,64,,9966,1,,,0,25,,9970,1,,,0,24,,9950,1,,,0,65,,9954,1,,,0,24,,9969,1,,,0,65,,9941,1,,,0,24,,9951,1,,,0,65,,9952,1,,,0,25,,9943,1,,,0,26,,9937,1,,,0,65,,9963,1,,,0,26,,9944,1,,,0,65,,9968,1,,,0,26,,9955,1,,,0,65,,9940,1,,,0,22,,9953,1,,,0,25,,9945,1,,,0,62,,9959,1,,,0,25,,9936,1,,,0,22,,9938,1,,,0,65,,9949,1,,,0,21,,9942,1,,,0,65,,9956,1,,,0,22,,9946,1,,,0,86,,9948,1,,,0
10000,'749e498f-7e33-4303-8ce0-f7bae72749a0',743,,9973,1,,,0,89,,9978,1,,,0,89,,9986,1,,,0,89,,9977,1,,,0,49,,9998,1,,,0,64,,9980,1,,,0,25,,9974,1,,,0,64,,9976,1,,,0,25,,9990,1,,,0,64,,9985,1,,,0,25,,9992,1,,,0,24,,9999,1,,,0,65,,9988,1,,,0,24,,9975,1,,,0,65,,9989,1,,,0,24,,9995,1,,,0,25,,9996,1,,,0,65,,9993,1,,,0,26,,9972,1,,,0,65,,9987,1,,,0,26,,9991,1,,,0,65,,9997,1,,,0,47,,9983,1,,,0,87,,9994,1,,,0,87,,9979,1,,,0,87,,9984,1,,,0,46,,9982,1,,,0,86,,9981,1,,,0
10000,'834e95da-96c6-4b8b-ab15-3ce7b44514e1',707,,10014,1,,,0,19,,10031,1,,,0,29,,10028,1,,,0,62,,10030,1,,,0,27,,10026,1,,,0,64,,10017,1,,,0,25,,10007,1,,,0,24,,10013,1,,,0,65,,10016,1,,,0,24,,10022,1,,,0,65,,10003,1,,,0,24,,10024,1,,,0,65,,10000,1,,,0,24,,10032,1,,,0,25,,10008,1,,,0,65,,10005,1,,,0,26,,10018,1,,,0,65,,10019,1,,,0,26,,10006,1,,,0,25,,10021,1,,,0,66,,10025,1,,,0,24,,10036,1,,,0,65,,10035,1,,,0,24,,10020,1,,,0,65,,10010,1,,,0,24,,10011,1,,,0,23,,10002,1,,,0,64,,10037,1,,,0,23,,10015,1,,,0,24,,10033,1,,,0,63,,10027,1,,,0,24,,10001,1,,,0,63,,10034,1,,,0,23,,10009,1,,,0,23,,10004,1,,,0,63,,10012,1,,,0,23,,10023,1,,,0,86,,10029,1,,,0
1000700,'14cacc28-2982-4249-a540-ea9272e9dd35',1017,,10369,170,,,0,100,,10357,170,,,0,100,,10358,170,,,0,100,,10360,170,,,0,100,,10365,170,,,0,100,,10362,170,,,0,100,,10363,170,,,0,100,,10366,170,,,0,100,,10359,170,,,0,100,,10367,170,,,0,100,,10368,170,,,0,98,,10361,170,,,0
1000700,'4b878b9a-e140-4079-87b4-3f561c421168',717,,10379,170,,,0,30,,10398,170,,,0,70,,10377,170,,,0,30,,10382,170,,,0,70,,10392,170,,,0,30,,10374,170,,,0,70,,10395,170,,,0,30,,10402,170,,,0,70,,10396,170,,,0,30,,10372,170,,,0,70,,10387,170,,,0,30,,10391,170,,,0,70,,10400,170,,,0,30,,10373,170,,,0,70,,10383,170,,,0,30,,10390,170,,,0,70,,10386,170,,,0,30,,10399,170,,,0,70,,10393,170,,,0,30,,10401,170,,,0,70,,10381,170,,,0,30,,10397,170,,,0,70,,10385,170,,,0,30,,10380,170,,,0,70,,10376,170,,,0,100,,10378,170,,,0,98,,10388,170,,,0,100,,10389,170,,,0,100,,10371,170,,,0
1000700,'749e498f-7e33-4303-8ce0-f7bae72749a0',1017,,10415,170,,,0,100,,10411,170,,,0,100,,10410,170,,,0,100,,10412,170,,,0,100,,10408,170,,,0,100,,10404,170,,,0,100,,10403,170,,,0,100,,10413,170,,,0,100,,10414,170,,,0,100,,10405,170,,,0,100,,10406,170,,,0,98,,10407,170,,,0
1000700,'834e95da-96c6-4b8b-ab15-3ce7b44514e1',618,,10429,170,,,0,30,,10427,170,,,0,69,,10422,170,,,0,23,,10424,170,,,0,77,,10441,170,,,0,23,,10426,170,,,0,77,,10445,170,,,0,30,,10435,170,,,0,70,,10420,170,,,0,30,,10443,170,,,0,70,,10421,170,,,0,30,,10436,170,,,0,70,,10447,170,,,0,30,,10440,170,,,0,70,,10444,170,,,0,30,,10418,170,,,0,68,,10449,170,,,0,30,,10419,170,,,0,70,,10431,170,,,0,30,,10438,170,,,0,70,,10442,170,,,0,30,,10432,170,,,0,69,,10434,170,,,0,30,,10437,170,,,0,72,,10423,170,,,0,30,,10428,170,,,0,72,,10433,170,,,0,98,,10448,170,,,0,100,,10446,170,,,0,98,,10430,170,,,0,102,,10439,170,,,0,96,,10425,125,,,0
1000800,'14cacc28-2982-4249-a540-ea9272e9dd35',850,,10473,27,,,0,101,,10470,27,,,0,100,,10458,27,,,0,100,,10453,27,,,0,100,,10476,27,,,0,100,,10477,27,,,0,100,,10466,27,,,0,100,,10463,27,,,0,100,,10456,27,,,0,100,,10457,27,,,0,100,,10464,27,,,0,100,,10460,27,,,0,100,,10451,27,,,0
1000800,'4b878b9a-e140-4079-87b4-3f561c421168',650,,10505,4,,,0,70,,10495,4,,,0,30,,10513,122,,,0,71,,10479,272,,,0,30,,10509,272,,,0,70,,10492,272,,,0,30,,10490,272,,,0,70,,10501,272,,,0,30,,10478,272,,,0,70,,10480,272,,,0,30,,10491,272,,,0,70,,10507,272,,,0,30,,10502,272,,,0,70,,10496,272,,,0,30,,10504,272,,,0,70,,10506,272,,,0,30,,10500,272,,,0,70,,10487,272,,,0,30,,10508,272,,,0,70,,10499,272,,,0,30,,10503,272,,,0,72,,10486,272,,,0,30,,10483,272,,,0,70,,10498,272,,,0,30,,10481,272,,,0,98,,10493,272,,,0,101,,10485,27,,,0,99,,10482,27,,,0,100,,10497,27,,,0,100,,10510,27,,,0
1000800,'749e498f-7e33-4303-8ce0-f7bae72749a0',850,,10531,27,,,0,101,,10516,27,,,0,100,,10536,27,,,0,100,,10515,27,,,0,100,,10526,27,,,0,100,,10525,27,,,0,100,,10530,27,,,0,100,,10537,27,,,0,100,,10520,27,,,0,100,,10535,27,,,0,100,,10523,27,,,0,100,,10524,27,,,0,100,,10529,27,,,0
1000800,'834e95da-96c6-4b8b-ab15-3ce7b44514e1',520,,10547,122,,,0,30,,10561,122,,,0,70,,10545,272,,,0,30,,10572,272,,,0,70,,10571,272,,,0,30,,10562,272,,,0,71,,10581,231,,,0,30,,10544,272,,,0,70,,10546,272,,,0,30,,10569,272,,,0,70,,10550,272,,,0,30,,10549,272,,,0,70,,10548,272,,,0,30,,10567,272,,,0,70,,10565,272,,,0,30,,10559,272,,,0,70,,10542,272,,,0,30,,10554,272,,,0,70,,10558,272,,,0,30,,10560,272,,,0,70,,10576,231,,,0,30,,10563,272,,,0,70,,10552,272,,,0,30,,10551,272,,,0,72,,10574,272,,,0,30,,10556,272,,,0,70,,10579,272,,,0,30,,10575,272,,,0,99,,10557,272,,,0,99,,10553,27,,,0,99,,10573,27,,,0,100,,10568,27,,,0,104,,10570,27,,,0
1001200,'14cacc28-2982-4249-a540-ea9272e9dd35',852,,10685,118,,,0,100,,10682,118,,,0,100,,10684,118,,,0,103,,10690,118,,,0,104,,10688,118,,,0,100,,10687,118,,,0,150,,10689,118,,,0,100,,10691,118,,,0,110,,10680,118,,,0,100,,10683,118,,,0,103,,10678,118,,,0,100,,10681,118,,,0,102,,10686,118,,,0,100,,10679,118,,,0
1001200,'4b878b9a-e140-4079-87b4-3f561c421168',705,,10707,118,,,0,31,,10698,118,,,0,70,,10704,118,,,0,30,,10694,118,,,0,70,,10713,118,,,0,30,,10721,118,,,0,73,,10718,118,,,0,30,,10693,118,,,0,70,,10703,118,,,0,38,,10709,118,,,0,70,,10695,118,,,0,30,,10719,118,,,0,70,,10722,118,,,0,40,,10714,118,,,0,70,,10697,118,,,0,30,,10716,118,,,0,70,,10700,118,,,0,80,,10696,118,,,0,30,,10705,118,,,0,70,,10701,118,,,0,30,,10708,118,,,0,80,,10692,118,,,0,30,,10702,118,,,0,70,,10706,118,,,0,30,,10699,118,,,0,73,,10710,118,,,0,30,,10715,118,,,0,70,,10712,118,,,0,100,,10717,118,,,0,100,,10720,118,,,0,100,,10711,118,,,0
1001200,'749e498f-7e33-4303-8ce0-f7bae72749a0',852,,10732,118,,,0,100,,10730,118,,,0,100,,10736,118,,,0,103,,10734,118,,,0,104,,10724,118,,,0,100,,10726,118,,,0,150,,10727,118,,,0,100,,10728,118,,,0,110,,10723,118,,,0,100,,10731,118,,,0,103,,10725,118,,,0,100,,10729,118,,,0,102,,10735,118,,,0,100,,10733,118,,,0
1001200,'834e95da-96c6-4b8b-ab15-3ce7b44514e1',554,,10737,2,,,0,68,,10761,118,,,0,32,,10751,118,,,0,74,,10748,118,,,0,72,,10744,118,,,0,30,,10752,118,,,0,75,,10739,118,,,0,35,,10754,118,,,0,70,,10764,118,,,0,30,,10753,118,,,0,75,,10745,118,,,0,35,,10757,118,,,0,70,,10742,118,,,0,30,,10766,118,,,0,75,,10765,118,,,0,75,,10768,118,,,0,34,,10767,118,,,0,75,,10758,118,,,0,35,,10749,118,,,0,75,,10760,118,,,0,35,,10743,118,,,0,75,,10741,118,,,0,75,,10738,118,,,0,29,,10759,118,,,0,75,,10740,118,,,0,35,,10750,118,,,0,75,,10746,118,,,0,30,,10756,118,,,0,70,,10747,118,,,0,100,,10763,118,,,0,100,,10762,118,,,0,105,,10755,118,,,0
