10000,'14cacc28-2982-4249-a540-ea9272e9dd35',746,,9929,6,,,0,89,,9916,6,,,0,89,,9913,6,,,0,89,,9933,6,,,0,89,,9931,6,,,0,24,,9920,6,,,0,25,,9908,6,,,0,64,,9915,6,,,0,25,,9926,6,,,0,64,,9935,6,,,0,25,,9924,6,,,0,24,,9912,6,,,0,65,,9932,6,,,0,24,,9930,6,,,0,65,,9928,6,,,0,24,,9922,6,,,0,25,,9914,6,,,0,65,,9925,6,,,0,26,,9910,6,,,0,65,,9911,6,,,0,26,,9921,6,,,0,65,,9927,6,,,0,47,,9919,6,,,0,87,,9934,6,,,0,87,,9917,6,,,0,87,,9909,6,,,0,46,,9923,6,,,0,86,,9918,6,,,0
10000,'4b878b9a-e140-4079-87b4-3f561c421168',744,,9939,6,,,0,64,,9958,6,,,0,25,,9965,6,,,0,24,,9962,6,,,0,65,,9964,6,,,0,24,,9960,6,,,0,65,,9971,6,,,0,24,,9947,6,,,0,65,,9957,6,,,0,24,,9961,6,,,0,25,,9967,6,,,0,64,,9966,6,,,0,25,,9970,6,,,0,64,,9950,6,,,0,25,,9954,6,,,0,24,,9969,6,,,0,65,,9941,6,,,0,24,,9951,6,,,0,65,,9952,6,,,0,25,,9943,6,,,0,26,,9937,6,,,0,65,,9963,6,,,0,26,,9944,6,,,0,65,,9968,6,,,0,26,,9955,6,,,0,65,,9940,6,,,0,22,,9953,6,,,0,25,,9945,6,,,0,62,,9959,6,,,0,25,,9936,6,,,0,22,,9938,6,,,0,65,,9949,6,,,0,21,,9942,6,,,0,65,,9956,6,,,0,22,,9946,6,,,0,86,,9948,6,,,0
10000,'749e498f-7e33-4303-8ce0-f7bae72749a0',746,,9973,6,,,0,89,,9978,6,,,0,89,,9986,6,,,0,89,,9977,6,,,0,89,,9998,6,,,0,24,,9980,6,,,0,25,,9974,6,,,0,64,,9976,6,,,0,25,,9990,6,,,0,64,,9985,6,,,0,25,,9992,6,,,0,24,,9999,6,,,0,65,,9988,6,,,0,24,,9975,6,,,0,65,,9989,6,,,0,24,,9995,6,,,0,25,,9996,6,,,0,65,,9993,6,,,0,26,,9972,6,,,0,65,,9987,6,,,0,26,,9991,6,,,0,65,,9997,6,,,0,47,,9983,6,,,0,87,,9994,6,,,0,87,,9979,6,,,0,87,,9984,6,,,0,46,,9982,6,,,0,86,,9981,6,,,0
10000,'834e95da-96c6-4b8b-ab15-3ce7b44514e1',710,,10014,6,,,0,19,,10031,6,,,0,29,,10028,6,,,0,62,,10030,6,,,0,27,,10026,6,,,0,64,,10017,6,,,0,25,,10007,6,,,0,64,,10013,6,,,0,25,,10016,6,,,0,24,,10022,6,,,0,65,,10003,6,,,0,24,,10024,6,,,0,65,,10000,6,,,0,24,,10032,6,,,0,25,,10008,6,,,0,65,,10005,6,,,0,26,,10018,6,,,0,65,,10019,6,,,0,26,,10006,6,,,0,25,,10021,6,,,0,66,,10025,6,,,0,24,,10036,6,,,0,65,,10035,6,,,0,24,,10020,6,,,0,65,,10010,6,,,0,24,,10011,6,,,0,23,,10002,6,,,0,64,,10037,6,,,0,23,,10015,6,,,0,64,,10033,6,,,0,23,,10027,6,,,0,24,,10001,6,,,0,63,,10034,6,,,0,23,,10009,6,,,0,23,,10004,6,,,0,63,,10012,6,,,0,23,,10023,6,,,0,86,,10029,6,,,0
1000700,'14cacc28-2982-4249-a540-ea9272e9dd35',1019,,10369,178,,,0,100,,10357,178,,,0,100,,10358,178,,,0,100,,10360,178,,,0,100,,10365,178,,,0,100,,10362,178,,,0,100,,10363,178,,,0,100,,10366,178,,,0,100,,10359,178,,,0,100,,10367,178,,,0,100,,10368,178,,,0,99,,10361,178,,,0
1000700,'4b878b9a-e140-4079-87b4-3f561c421168',719,,10379,178,,,0,30,,10398,178,,,0,70,,10377,178,,,0,30,,10382,178,,,0,70,,10392,178,,,0,30,,10374,178,,,0,70,,10395,178,,,0,30,,10402,178,,,0,70,,10396,178,,,0,30,,10372,178,,,0,70,,10387,178,,,0,30,,10391,178,,,0,70,,10400,178,,,0,30,,10373,178,,,0,70,,10383,178,,,0,30,,10390,178,,,0,70,,10386,178,,,0,30,,10399,178,,,0,70,,10393,178,,,0,30,,10401,178,,,0,70,,10381,178,,,0,30,,10397,178,,,0,70,,10385,178,,,0,30,,10380,178,,,0,70,,10376,178,,,0,100,,10378,178,,,0,99,,10388,178,,,0,100,,10389,178,,,0,100,,10371,178,,,0
1000700,'749e498f-7e33-4303-8ce0-f7bae72749a0',1019,,10415,178,,,0,100,,10411,178,,,0,100,,10410,178,,,0,100,,10412,178,,,0,100,,10408,178,,,0,100,,10404,178,,,0,100,,10403,178,,,0,100,,10413,178,,,0,100,,10414,178,,,0,100,,10405,178,,,0,100,,10406,178,,,0,99,,10407,178,,,0
1000700,'834e95da-96c6-4b8b-ab15-3ce7b44514e1',621,,10429,178,,,0,30,,10427,178,,,0,68,,10422,178,,,0,23,,10424,178,,,0,77,,10441,178,,,0,23,,10426,178,,,0,77,,10445,178,,,0,30,,10435,178,,,0,70,,10420,178,,,0,30,,10443,178,,,0,70,,10421,178,,,0,30,,10436,178,,,0,70,,10447,178,,,0,30,,10440,178,,,0,70,,10444,178,,,0,30,,10418,178,,,0,68,,10449,178,,,0,30,,10419,178,,,0,70,,10431,178,,,0,30,,10438,178,,,0,70,,10442,178,,,0,30,,10432,178,,,0,69,,10434,178,,,0,30,,10437,178,,,0,72,,10423,178,,,0,30,,10428,178,,,0,72,,10433,178,,,0,98,,10448,178,,,0,101,,10446,178,,,0,98,,10430,178,,,0,102,,10439,178,,,0,96,,10425,130,,,0
1001200,'14cacc28-2982-4249-a540-ea9272e9dd35',855,,10685,126,,,0,100,,10682,126,,,0,100,,10684,126,,,0,103,,10690,126,,,0,144,,10688,126,,,0,100,,10687,126,,,0,110,,10689,126,,,0,100,,10691,126,,,0,110,,10680,126,,,0,100,,10683,126,,,0,103,,10678,126,,,0,100,,10681,126,,,0,102,,10686,126,,,0,100,,10679,126,,,0
1001200,'4b878b9a-e140-4079-87b4-3f561c421168',708,,10707,126,,,0,31,,10698,126,,,0,70,,10704,126,,,0,30,,10694,126,,,0,70,,10713,126,,,0,30,,10721,126,,,0,73,,10718,126,,,0,30,,10693,126,,,0,70,,10703,126,,,0,38,,10709,126,,,0,70,,10695,126,,,0,30,,10719,126,,,0,70,,10722,126,,,0,80,,10714,126,,,0,30,,10697,126,,,0,70,,10716,126,,,0,30,,10700,126,,,0,80,,10696,126,,,0,30,,10705,126,,,0,70,,10701,126,,,0,30,,10708,126,,,0,80,,10692,126,,,0,30,,10702,126,,,0,70,,10706,126,,,0,30,,10699,126,,,0,73,,10710,126,,,0,30,,10715,126,,,0,70,,10712,126,,,0,100,,10717,126,,,0,100,,10720,126,,,0,100,,10711,126,,,0
1001200,'749e498f-7e33-4303-8ce0-f7bae72749a0',855,,10732,126,,,0,100,,10730,126,,,0,100,,10736,126,,,0,103,,10734,126,,,0,144,,10724,126,,,0,100,,10726,126,,,0,110,,10727,126,,,0,100,,10728,126,,,0,110,,10723,126,,,0,100,,10731,126,,,0,103,,10725,126,,,0,100,,10729,126,,,0,102,,10735,126,,,0,100,,10733,126,,,0
1001200,'834e95da-96c6-4b8b-ab15-3ce7b44514e1',557,,10737,9,,,0,67,,10761,126,,,0,32,,10751,126,,,0,74,,10748,126,,,0,73,,10744,126,,,0,30,,10752,126,,,0,75,,10739,126,,,0,35,,10754,126,,,0,70,,10764,126,,,0,30,,10753,126,,,0,75,,10745,126,,,0,35,,10757,126,,,0,70,,10742,126,,,0,30,,10766,126,,,0,75,,10765,126,,,0,75,,10768,126,,,0,34,,10767,126,,,0,75,,10758,126,,,0,35,,10749,126,,,0,75,,10760,126,,,0,35,,10743,126,,,0,75,,10741,126,,,0,75,,10738,126,,,0,29,,10759,126,,,0,75,,10740,126,,,0,35,,10750,126,,,0,75,,10746,126,,,0,30,,10756,126,,,0,70,,10747,126,,,0,100,,10763,126,,,0,100,,10762,126,,,0,105,,10755,126,,,0
