10100,'00b4df37-9ead-4621-87b1-b10de39e7a53',729,,8141,30,,,0,85,,8136,30,,,0,45,,8139,30,,,0,85,,8128,30,,,0,85,,8120,30,,,0,85,,8121,30,,,0,22,,8133,30,,,0,23,,8143,30,,,0,64,,8124,30,,,0,23,,8135,30,,,0,68,,8147,30,,,0,25,,8134,30,,,0,66,,8123,30,,,0,25,,8144,30,,,0,26,,8127,30,,,0,65,,8145,30,,,0,26,,8140,30,,,0,67,,8130,30,,,0,24,,8126,30,,,0,64,,8129,30,,,0,24,,8131,30,,,0,24,,8142,30,,,0,90,,8137,30,,,0,88,,8132,30,,,0,86,,8146,30,,,0,86,,8138,30,,,0,46,,8125,30,,,0,86,,8122,30,,,0
10100,'1f462966-7865-4a53-81e8-bf17edfc4a48',714,,8157,30,,,0,22,,8150,30,,,0,23,,8154,30,,,0,62,,8174,30,,,0,23,,8153,30,,,0,62,,8182,30,,,0,23,,8177,30,,,0,22,,8167,30,,,0,63,,8178,30,,,0,22,,8161,30,,,0,65,,8181,30,,,0,24,,8155,30,,,0,26,,8176,30,,,0,65,,8184,30,,,0,26,,8160,30,,,0,65,,8169,30,,,0,26,,8180,30,,,0,67,,8159,30,,,0,26,,8166,30,,,0,26,,8158,30,,,0,66,,8164,30,,,0,26,,8163,30,,,0,66,,8165,30,,,0,26,,8183,30,,,0,66,,8173,30,,,0,24,,8179,30,,,0,24,,8172,30,,,0,64,,8152,30,,,0,24,,8151,30,,,0,64,,8148,30,,,0,24,,8168,30,,,0,24,,8170,30,,,0,64,,8149,30,,,0,22,,8156,30,,,0,64,,8171,30,,,0,24,,8175,30,,,0,85,,8162,30,,,0
10100,'750deb35-6d38-499c-8a21-680b50a42db7',729,,8201,30,,,0,85,,8186,30,,,0,45,,8200,30,,,0,85,,8185,30,,,0,85,,8188,30,,,0,85,,8195,30,,,0,22,,8193,30,,,0,23,,8190,30,,,0,64,,8203,30,,,0,23,,8199,30,,,0,68,,8210,30,,,0,25,,8197,30,,,0,66,,8202,30,,,0,25,,8198,30,,,0,26,,8212,30,,,0,65,,8206,30,,,0,26,,8205,30,,,0,67,,8189,30,,,0,24,,8194,30,,,0,64,,8196,30,,,0,24,,8204,30,,,0,24,,8211,30,,,0,90,,8192,30,,,0,88,,8187,30,,,0,86,,8207,30,,,0,86,,8191,30,,,0,46,,8208,30,,,0,86,,8209,30,,,0
10100,'b8cf426a-e7c2-4b1e-a046-1a350c71ef6f',724,,8223,30,,,0,85,,8235,30,,,0,22,,8233,30,,,0,23,,8227,30,,,0,62,,8229,30,,,0,23,,8242,30,,,0,62,,8239,30,,,0,23,,8216,30,,,0,22,,8243,30,,,0,63,,8232,30,,,0,22,,8238,30,,,0,23,,8224,30,,,0,62,,8228,30,,,0,23,,8244,30,,,0,64,,8245,30,,,0,25,,8215,30,,,0,25,,8213,30,,,0,66,,8240,30,,,0,27,,8214,30,,,0,66,,8246,30,,,0,25,,8234,30,,,0,66,,8226,30,,,0,25,,8225,30,,,0,26,,8236,30,,,0,65,,8241,30,,,0,26,,8248,30,,,0,65,,8220,30,,,0,26,,8218,30,,,0,65,,8231,30,,,0,26,,8219,30,,,0,24,,8221,30,,,0,64,,8247,30,,,0,22,,8217,30,,,0,64,,8230,30,,,0,23,,8222,30,,,0,90,,8237,30,,,0
10100,'eff94312-f97b-4885-9572-54f138618b00',729,,8251,30,,,0,85,,8250,30,,,0,45,,8275,30,,,0,85,,8273,30,,,0,85,,8271,30,,,0,85,,8258,30,,,0,22,,8257,30,,,0,23,,8253,30,,,0,64,,8270,30,,,0,23,,8255,30,,,0,68,,8268,30,,,0,25,,8267,30,,,0,66,,8259,30,,,0,25,,8276,30,,,0,26,,8260,30,,,0,65,,8262,30,,,0,26,,8256,30,,,0,67,,8254,30,,,0,24,,8274,30,,,0,64,,8269,30,,,0,24,,8252,30,,,0,24,,8249,30,,,0,90,,8272,30,,,0,88,,8263,30,,,0,86,,8264,30,,,0,86,,8265,30,,,0,46,,8266,30,,,0,86,,8261,30,,,0
1000800,'00b4df37-9ead-4621-87b1-b10de39e7a53',902,,8599,75,,,0,102,,8616,75,,,0,100,,8617,75,,,0,100,,8611,75,,,0,100,,8597,75,,,0,100,,8606,75,,,0,100,,8598,75,,,0,100,,8610,75,,,0,100,,8605,75,,,0,100,,8618,75,,,0,100,,8609,75,,,0,100,,8602,75,,,0,100,,8612,75,,,0
1000800,'1f462966-7865-4a53-81e8-bf17edfc4a48',532,,8649,170,,,0,70,,8622,170,,,0,30,,8624,323,,,0,70,,8639,323,,,0,30,,8637,323,,,0,70,,8625,323,,,0,32,,8643,301,,,0,70,,8660,323,,,0,30,,8632,323,,,0,70,,8640,323,,,0,30,,8635,323,,,0,70,,8638,323,,,0,30,,8623,323,,,0,70,,8652,323,,,0,30,,8650,323,,,0,70,,8641,323,,,0,30,,8621,323,,,0,70,,8654,323,,,0,30,,8631,323,,,0,70,,8655,323,,,0,30,,8659,301,,,0,70,,8636,323,,,0,30,,8645,323,,,0,70,,8656,323,,,0,32,,8633,323,,,0,70,,8658,323,,,0,30,,8627,323,,,0,70,,8657,323,,,0,97,,8646,323,,,0,101,,8644,75,,,0,98,,8630,75,,,0,100,,8634,75,,,0,104,,8647,75,,,0
1000800,'750deb35-6d38-499c-8a21-680b50a42db7',902,,8666,75,,,0,102,,8676,75,,,0,100,,8681,75,,,0,100,,8667,75,,,0,100,,8675,75,,,0,100,,8678,75,,,0,100,,8672,75,,,0,100,,8686,75,,,0,100,,8661,75,,,0,100,,8684,75,,,0,100,,8673,75,,,0,100,,8671,75,,,0,100,,8662,75,,,0
1000800,'b8cf426a-e7c2-4b1e-a046-1a350c71ef6f',702,,8716,53,,,0,30,,8691,53,,,0,70,,8706,170,,,0,32,,8688,323,,,0,70,,8701,323,,,0,30,,8711,323,,,0,70,,8698,323,,,0,30,,8724,323,,,0,70,,8723,323,,,0,30,,8705,323,,,0,70,,8708,323,,,0,30,,8718,323,,,0,70,,8713,323,,,0,30,,8693,323,,,0,70,,8707,323,,,0,30,,8689,323,,,0,70,,8700,323,,,0,30,,8699,323,,,0,70,,8721,323,,,0,30,,8714,323,,,0,70,,8694,323,,,0,32,,8722,323,,,0,70,,8695,323,,,0,30,,8709,323,,,0,70,,8702,323,,,0,98,,8710,323,,,0,99,,8717,75,,,0,98,,8720,75,,,0,100,,8692,75,,,0,100,,8704,75,,,0
1000800,'eff94312-f97b-4885-9572-54f138618b00',902,,8736,75,,,0,102,,8748,75,,,0,100,,8746,75,,,0,100,,8749,75,,,0,100,,8742,75,,,0,100,,8734,75,,,0,100,,8739,75,,,0,100,,8751,75,,,0,100,,8747,75,,,0,100,,8743,75,,,0,100,,8725,75,,,0,100,,8745,75,,,0,100,,8732,75,,,0
