1100,'00b4df37-9ead-4621-87b1-b10de39e7a53',852,,7865,89,,,0,101,,7853,89,,,0,100,,7856,89,,,0,100,,7854,89,,,0,100,,7851,89,,,0,100,,7859,89,,,0,100,,7863,89,,,0,100,,7858,89,,,0,100,,7864,89,,,0,100,,7861,89,,,0,100,,7855,89,,,0,100,,7860,89,,,0,100,,7857,89,,,0,99,,7852,89,,,0,100,,7862,89,,,0
1100,'1f462966-7865-4a53-81e8-bf17edfc4a48',522,,7869,89,,,0,100,,7878,89,,,0,31,,7893,89,,,0,70,,7887,89,,,0,30,,7884,89,,,0,70,,7882,89,,,0,30,,7876,89,,,0,70,,7872,89,,,0,30,,7891,89,,,0,70,,7899,89,,,0,30,,7870,89,,,0,70,,7889,89,,,0,30,,7880,89,,,0,70,,7866,89,,,0,30,,7892,89,,,0,70,,7897,89,,,0,30,,7894,89,,,0,72,,7871,89,,,0,30,,7896,89,,,0,70,,7885,89,,,0,30,,7874,89,,,0,68,,7888,89,,,0,30,,7890,89,,,0,70,,7886,89,,,0,30,,7900,89,,,0,70,,7873,89,,,0,30,,7867,89,,,0,70,,7895,89,,,0,30,,7881,89,,,0,69,,7883,89,,,0,30,,7877,89,,,0,70,,7898,89,,,0,30,,7879,89,,,0,70,,7868,89,,,0,100,,7875,89,,,0
1100,'750deb35-6d38-499c-8a21-680b50a42db7',852,,7908,89,,,0,101,,7910,89,,,0,100,,7912,89,,,0,100,,7911,89,,,0,100,,7909,89,,,0,100,,7904,89,,,0,100,,7902,89,,,0,100,,7915,89,,,0,100,,7901,89,,,0,100,,7907,89,,,0,100,,7906,89,,,0,100,,7903,89,,,0,100,,7905,89,,,0,99,,7914,89,,,0,100,,7913,89,,,0
1100,'b8cf426a-e7c2-4b1e-a046-1a350c71ef6f',752,,7932,89,,,0,71,,7921,89,,,0,30,,7941,89,,,0,70,,7943,89,,,0,30,,7942,89,,,0,70,,7940,89,,,0,30,,7937,89,,,0,70,,7924,89,,,0,30,,7930,89,,,0,70,,7946,89,,,0,30,,7919,89,,,0,70,,7933,89,,,0,30,,7920,89,,,0,70,,7916,89,,,0,30,,7923,89,,,0,70,,7935,89,,,0,30,,7939,89,,,0,70,,7918,89,,,0,30,,7927,89,,,0,70,,7944,89,,,0,30,,7936,89,,,0,70,,7929,89,,,0,30,,7945,89,,,0,70,,7938,89,,,0,30,,7928,89,,,0,69,,7926,89,,,0,30,,7931,89,,,0,70,,7934,89,,,0,30,,7922,89,,,0,70,,7917,89,,,0,100,,7925,89,,,0
1100,'eff94312-f97b-4885-9572-54f138618b00',852,,7956,89,,,0,101,,7951,89,,,0,100,,7961,89,,,0,100,,7950,89,,,0,100,,7958,89,,,0,100,,7955,89,,,0,100,,7959,89,,,0,100,,7957,89,,,0,100,,7952,89,,,0,100,,7954,89,,,0,100,,7960,89,,,0,100,,7947,89,,,0,100,,7949,89,,,0,99,,7948,89,,,0,100,,7953,89,,,0
10100,'00b4df37-9ead-4621-87b1-b10de39e7a53',747,,8141,126,,,0,85,,8136,126,,,0,85,,8139,126,,,0,85,,8128,126,,,0,45,,8120,126,,,0,85,,8121,126,,,0,22,,8133,126,,,0,63,,8143,126,,,0,26,,8124,126,,,0,63,,8135,126,,,0,28,,8147,126,,,0,25,,8134,126,,,0,66,,8123,126,,,0,25,,8144,126,,,0,66,,8127,126,,,0,25,,8145,126,,,0,66,,8140,126,,,0,26,,8130,126,,,0,24,,8126,126,,,0,64,,8129,126,,,0,24,,8131,126,,,0,64,,8142,126,,,0,50,,8137,126,,,0,88,,8132,126,,,0,86,,8146,126,,,0,86,,8138,126,,,0,86,,8125,126,,,0,46,,8122,126,,,0
10100,'1f462966-7865-4a53-81e8-bf17edfc4a48',732,,8157,126,,,0,22,,8150,126,,,0,63,,8154,126,,,0,22,,8174,126,,,0,63,,8153,126,,,0,22,,8182,126,,,0,23,,8177,126,,,0,62,,8167,126,,,0,23,,8178,126,,,0,22,,8161,126,,,0,67,,8181,126,,,0,24,,8155,126,,,0,66,,8176,126,,,0,25,,8184,126,,,0,66,,8160,126,,,0,25,,8169,126,,,0,26,,8180,126,,,0,67,,8159,126,,,0,27,,8166,126,,,0,66,,8158,126,,,0,26,,8164,126,,,0,66,,8163,126,,,0,26,,8165,126,,,0,24,,8183,126,,,0,66,,8173,126,,,0,24,,8179,126,,,0,64,,8172,126,,,0,24,,8152,126,,,0,24,,8151,126,,,0,64,,8148,126,,,0,24,,8168,126,,,0,64,,8170,126,,,0,24,,8149,126,,,0,22,,8156,126,,,0,64,,8171,126,,,0,24,,8175,126,,,0,85,,8162,126,,,0
10100,'750deb35-6d38-499c-8a21-680b50a42db7',747,,8201,126,,,0,85,,8186,126,,,0,85,,8200,126,,,0,85,,8185,126,,,0,45,,8188,126,,,0,85,,8195,126,,,0,22,,8193,126,,,0,63,,8190,126,,,0,26,,8203,126,,,0,63,,8199,126,,,0,28,,8210,126,,,0,25,,8197,126,,,0,66,,8202,126,,,0,25,,8198,126,,,0,66,,8212,126,,,0,25,,8206,126,,,0,66,,8205,126,,,0,26,,8189,126,,,0,24,,8194,126,,,0,64,,8196,126,,,0,24,,8204,126,,,0,64,,8211,126,,,0,50,,8192,126,,,0,88,,8187,126,,,0,86,,8207,126,,,0,86,,8191,126,,,0,86,,8208,126,,,0,46,,8209,126,,,0
10100,'b8cf426a-e7c2-4b1e-a046-1a350c71ef6f',742,,8223,126,,,0,85,,8235,126,,,0,22,,8233,126,,,0,63,,8227,126,,,0,22,,8229,126,,,0,23,,8242,126,,,0,62,,8239,126,,,0,23,,8216,126,,,0,62,,8243,126,,,0,23,,8232,126,,,0,22,,8238,126,,,0,63,,8224,126,,,0,22,,8228,126,,,0,23,,8244,126,,,0,66,,8245,126,,,0,25,,8215,126,,,0,65,,8213,126,,,0,26,,8240,126,,,0,67,,8214,126,,,0,26,,8246,126,,,0,25,,8234,126,,,0,66,,8226,126,,,0,25,,8225,126,,,0,66,,8236,126,,,0,25,,8241,126,,,0,66,,8248,126,,,0,25,,8220,126,,,0,26,,8218,126,,,0,64,,8231,126,,,0,26,,8219,126,,,0,64,,8221,126,,,0,24,,8247,126,,,0,22,,8217,126,,,0,64,,8230,126,,,0,23,,8222,126,,,0,90,,8237,126,,,0
10100,'eff94312-f97b-4885-9572-54f138618b00',747,,8251,126,,,0,85,,8250,126,,,0,85,,8275,126,,,0,85,,8273,126,,,0,45,,8271,126,,,0,85,,8258,126,,,0,22,,8257,126,,,0,63,,8253,126,,,0,26,,8270,126,,,0,63,,8255,126,,,0,28,,8268,126,,,0,25,,8267,126,,,0,66,,8259,126,,,0,25,,8276,126,,,0,66,,8260,126,,,0,25,,8262,126,,,0,66,,8256,126,,,0,26,,8254,126,,,0,24,,8274,126,,,0,64,,8269,126,,,0,24,,8252,126,,,0,64,,8249,126,,,0,50,,8272,126,,,0,88,,8263,126,,,0,86,,8264,126,,,0,86,,8265,126,,,0,86,,8266,126,,,0,46,,8261,126,,,0
