2000700,'00b4df37-9ead-4621-87b1-b10de39e7a53',946,,9173,51,,,0,100,,9165,51,,,0,100,,9175,51,,,0,100,,9167,51,,,0,100,,9169,51,,,0,100,,9171,51,,,0,100,,9170,51,,,0,100,,9172,51,,,0,100,,9174,51,,,0,102,,9164,51,,,0,100,,9166,51,,,0,100,,9168,51,,,0
2000700,'1f462966-7865-4a53-81e8-bf17edfc4a48',547,,9187,51,,,0,70,,9179,51,,,0,30,,9207,51,,,0,70,,9192,51,,,0,30,,9199,51,,,0,68,,9181,51,,,0,32,,9177,51,,,0,68,,9193,51,,,0,31,,9189,51,,,0,70,,9185,51,,,0,30,,9202,51,,,0,70,,9209,51,,,0,30,,9204,51,,,0,70,,9186,51,,,0,30,,9191,51,,,0,70,,9188,51,,,0,30,,9196,51,,,0,70,,9190,51,,,0,31,,9184,51,,,0,70,,9180,51,,,0,30,,9195,51,,,0,70,,9194,51,,,0,30,,9183,51,,,0,70,,9205,51,,,0,28,,9203,51,,,0,70,,9206,51,,,0,32,,9198,51,,,0,70,,9208,51,,,0,32,,9197,51,,,0,98,,9178,51,,,0,98,,9200,51,,,0,96,,9182,51,,,0
2000700,'750deb35-6d38-499c-8a21-680b50a42db7',946,,9211,51,,,0,100,,9218,51,,,0,100,,9215,51,,,0,100,,9219,51,,,0,100,,9210,51,,,0,100,,9216,51,,,0,100,,9212,51,,,0,100,,9214,51,,,0,100,,9213,51,,,0,102,,9220,51,,,0,100,,9222,51,,,0,100,,9221,51,,,0
2000700,'b8cf426a-e7c2-4b1e-a046-1a350c71ef6f',647,,9249,51,,,0,70,,9230,51,,,0,30,,9251,51,,,0,70,,9231,51,,,0,30,,9235,51,,,0,70,,9233,51,,,0,29,,9245,51,,,0,70,,9250,51,,,0,30,,9246,51,,,0,70,,9238,51,,,0,30,,9253,51,,,0,70,,9223,51,,,0,30,,9243,51,,,0,70,,9234,51,,,0,30,,9236,51,,,0,70,,9247,51,,,0,30,,9232,51,,,0,70,,9241,51,,,0,30,,9225,51,,,0,70,,9239,51,,,0,30,,9237,51,,,0,70,,9228,51,,,0,30,,9224,51,,,0,70,,9240,51,,,0,32,,9248,51,,,0,70,,9227,51,,,0,30,,9242,51,,,0,100,,9226,51,,,0,96,,9252,51,,,0,100,,9229,51,,,0
2000700,'eff94312-f97b-4885-9572-54f138618b00',946,,9266,51,,,0,100,,9256,51,,,0,100,,9254,51,,,0,100,,9261,51,,,0,100,,9257,51,,,0,100,,9263,51,,,0,100,,9259,51,,,0,100,,9265,51,,,0,100,,9260,51,,,0,102,,9262,51,,,0,100,,9264,51,,,0,100,,9258,51,,,0
2001200,'00b4df37-9ead-4621-87b1-b10de39e7a53',822,,9534,41,,,0,100,,9537,41,,,0,100,,9539,41,,,0,100,,9527,41,,,0,103,,9528,41,,,0,109,,9531,41,,,0,100,,9538,41,,,0,110,,9535,41,,,0,100,,9540,41,,,0,110,,9529,41,,,0,100,,9533,41,,,0,100,,9532,41,,,0,100,,9530,41,,,0,102,,9536,41,,,0
2001200,'1f462966-7865-4a53-81e8-bf17edfc4a48',527,,9568,41,,,0,75,,9556,41,,,0,23,,9552,41,,,0,29,,9564,41,,,0,73,,9566,41,,,0,74,,9547,41,,,0,33,,9542,41,,,0,70,,9559,41,,,0,35,,9551,41,,,0,75,,9555,41,,,0,30,,9543,41,,,0,70,,9563,41,,,0,35,,9544,41,,,0,74,,9572,41,,,0,30,,9557,41,,,0,70,,9541,41,,,0,35,,9550,41,,,0,75,,9546,41,,,0,78,,9553,41,,,0,35,,9570,41,,,0,75,,9565,41,,,0,35,,9561,41,,,0,75,,9562,41,,,0,75,,9569,41,,,0,35,,9558,41,,,0,64,,9548,41,,,0,35,,9554,41,,,0,75,,9549,41,,,0,35,,9573,41,,,0,70,,9560,41,,,0,30,,9567,41,,,0,100,,9545,41,,,0,100,,9571,41,,,0
2001200,'750deb35-6d38-499c-8a21-680b50a42db7',822,,9582,41,,,0,100,,9586,41,,,0,100,,9575,41,,,0,100,,9577,41,,,0,103,,9580,41,,,0,109,,9578,41,,,0,100,,9579,41,,,0,110,,9583,41,,,0,100,,9581,41,,,0,110,,9585,41,,,0,100,,9584,41,,,0,100,,9587,41,,,0,100,,9576,41,,,0,102,,9574,41,,,0
2001200,'b8cf426a-e7c2-4b1e-a046-1a350c71ef6f',637,,9608,41,,,0,70,,9615,41,,,0,30,,9610,41,,,0,69,,9588,41,,,0,30,,9604,41,,,0,70,,9614,41,,,0,30,,9591,41,,,0,70,,9617,41,,,0,33,,9595,41,,,0,70,,9618,41,,,0,30,,9601,41,,,0,84,,9602,41,,,0,30,,9589,41,,,0,70,,9597,41,,,0,30,,9607,41,,,0,79,,9606,41,,,0,70,,9613,41,,,0,30,,9611,41,,,0,70,,9590,41,,,0,40,,9598,41,,,0,70,,9603,41,,,0,30,,9612,41,,,0,70,,9594,41,,,0,40,,9596,41,,,0,70,,9592,41,,,0,30,,9605,41,,,0,70,,9609,41,,,0,30,,9619,41,,,0,70,,9593,41,,,0,30,,9616,41,,,0,100,,9600,41,,,0,100,,9599,41,,,0
2001200,'eff94312-f97b-4885-9572-54f138618b00',822,,9630,41,,,0,100,,9623,41,,,0,100,,9626,41,,,0,100,,9624,41,,,0,103,,9632,41,,,0,109,,9627,41,,,0,100,,9633,41,,,0,110,,9629,41,,,0,100,,9628,41,,,0,110,,9620,41,,,0,100,,9622,41,,,0,100,,9621,41,,,0,100,,9625,41,,,0,102,,9631,41,,,0
