1000,'13805ebc-bea4-4dd3-bd3f-9c5e4ab438b0',803,,13177,243,,,0,30,,13149,243,,,0,70,,13168,243,,,0,30,,13156,243,,,0,70,,13175,243,,,0,30,,13163,243,,,0,70,,13166,243,,,0,30,,13178,243,,,0,70,,13167,243,,,0,30,,13152,243,,,0,70,,13155,243,,,0,30,,13174,243,,,0,70,,13161,243,,,0,30,,13162,243,,,0,70,,13176,243,,,0,30,,13180,243,,,0,70,,13164,243,,,0,30,,13173,243,,,0,70,,13165,243,,,0,30,,13151,243,,,0,70,,13170,243,,,0,30,,13160,243,,,0,70,,13179,243,,,0,30,,13150,243,,,0,70,,13154,243,,,0,30,,13153,243,,,0,70,,13158,243,,,0,30,,13169,243,,,0,70,,13157,243,,,0,30,,13159,243,,,0,100,,13171,243,,,0,100,,13172,243,,,0
1000,'5b663066-968d-4dfa-a248-00bf0b9579fb',633,,13195,243,,,0,70,,13208,243,,,0,30,,13211,243,,,0,70,,13186,243,,,0,30,,13214,243,,,0,70,,13201,243,,,0,30,,13206,243,,,0,70,,13207,243,,,0,30,,13200,243,,,0,70,,13210,243,,,0,30,,13196,243,,,0,70,,13198,243,,,0,30,,13212,243,,,0,70,,13193,243,,,0,30,,13205,243,,,0,70,,13215,243,,,0,30,,13185,243,,,0,70,,13182,243,,,0,30,,13209,243,,,0,70,,13190,243,,,0,30,,13191,243,,,0,70,,13202,243,,,0,30,,13203,243,,,0,70,,13183,243,,,0,30,,13184,243,,,0,70,,13204,243,,,0,30,,13213,243,,,0,70,,13199,243,,,0,30,,13197,243,,,0,70,,13189,243,,,0,30,,13194,243,,,0,70,,13188,243,,,0,30,,13181,243,,,0,100,,13192,243,,,0,100,,13187,243,,,0
1000,'6d401a22-fb9c-477c-accf-7b1543647ca1',903,,13227,243,,,0,100,,13217,243,,,0,100,,13222,243,,,0,100,,13218,243,,,0,100,,13219,243,,,0,100,,13230,243,,,0,100,,13223,243,,,0,100,,13228,243,,,0,100,,13225,243,,,0,100,,13221,243,,,0,100,,13226,243,,,0,100,,13220,243,,,0,100,,13224,243,,,0,100,,13216,243,,,0,100,,13229,243,,,0
1000,'f60b9e5b-38dd-4def-ac17-8354041fa0cb',903,,13232,243,,,0,100,,13240,243,,,0,100,,13236,243,,,0,100,,13242,243,,,0,100,,13234,243,,,0,100,,13238,243,,,0,100,,13237,243,,,0,100,,13231,243,,,0,100,,13245,243,,,0,100,,13235,243,,,0,100,,13239,243,,,0,100,,13241,243,,,0,100,,13244,243,,,0,100,,13233,243,,,0,100,,13243,243,,,0
10000,'13805ebc-bea4-4dd3-bd3f-9c5e4ab438b0',822,,13376,130,,,0,24,,13360,130,,,0,65,,13377,130,,,0,24,,13367,130,,,0,65,,13370,130,,,0,24,,13362,130,,,0,25,,13347,130,,,0,64,,13345,130,,,0,25,,13348,130,,,0,64,,13373,130,,,0,25,,13359,130,,,0,24,,13361,130,,,0,65,,13374,130,,,0,24,,13357,130,,,0,65,,13354,130,,,0,24,,13342,130,,,0,25,,13343,130,,,0,64,,13356,130,,,0,25,,13346,130,,,0,65,,13355,130,,,0,26,,13372,130,,,0,25,,13358,130,,,0,66,,13353,130,,,0,25,,13371,130,,,0,64,,13366,130,,,0,25,,13351,130,,,0,62,,13349,130,,,0,25,,13363,130,,,0,22,,13368,130,,,0,65,,13369,130,,,0,21,,13365,130,,,0,25,,13350,130,,,0,61,,13352,130,,,0,25,,13344,130,,,0,62,,13364,130,,,0,46,,13375,130,,,0
10000,'5b663066-968d-4dfa-a248-00bf0b9579fb',746,,13388,130,,,0,61,,13381,130,,,0,29,,13399,130,,,0,22,,13411,130,,,0,67,,13393,130,,,0,24,,13395,130,,,0,65,,13407,130,,,0,24,,13402,130,,,0,65,,13387,130,,,0,24,,13406,130,,,0,25,,13396,130,,,0,64,,13384,130,,,0,25,,13409,130,,,0,64,,13400,130,,,0,27,,13415,130,,,0,25,,13378,130,,,0,66,,13410,130,,,0,25,,13401,130,,,0,66,,13413,130,,,0,23,,13386,130,,,0,66,,13404,130,,,0,24,,13408,130,,,0,25,,13380,130,,,0,64,,13392,130,,,0,23,,13391,130,,,0,64,,13414,130,,,0,23,,13379,130,,,0,24,,13383,130,,,0,63,,13385,130,,,0,24,,13389,130,,,0,63,,13390,130,,,0,23,,13405,130,,,0,23,,13394,130,,,0,63,,13398,130,,,0,23,,13403,130,,,0,23,,13382,130,,,0,63,,13397,130,,,0,86,,13412,130,,,0
10000,'6d401a22-fb9c-477c-accf-7b1543647ca1',824,,13428,130,,,0,89,,13420,130,,,0,89,,13433,130,,,0,49,,13419,130,,,0,89,,13416,130,,,0,64,,13429,130,,,0,25,,13418,130,,,0,24,,13431,130,,,0,65,,13441,130,,,0,24,,13417,130,,,0,65,,13421,130,,,0,24,,13430,130,,,0,25,,13440,130,,,0,64,,13439,130,,,0,25,,13435,130,,,0,64,,13424,130,,,0,25,,13437,130,,,0,25,,13443,130,,,0,66,,13427,130,,,0,25,,13434,130,,,0,64,,13426,130,,,0,25,,13436,130,,,0,87,,13438,130,,,0,87,,13432,130,,,0,87,,13422,130,,,0,46,,13442,130,,,0,86,,13423,130,,,0,86,,13425,130,,,0
10000,'f60b9e5b-38dd-4def-ac17-8354041fa0cb',824,,13469,130,,,0,89,,13446,130,,,0,89,,13467,130,,,0,49,,13466,130,,,0,89,,13471,130,,,0,64,,13444,130,,,0,25,,13451,130,,,0,24,,13457,130,,,0,65,,13463,130,,,0,24,,13455,130,,,0,65,,13462,130,,,0,24,,13448,130,,,0,25,,13447,130,,,0,64,,13445,130,,,0,25,,13449,130,,,0,64,,13464,130,,,0,25,,13459,130,,,0,25,,13460,130,,,0,66,,13454,130,,,0,25,,13465,130,,,0,64,,13458,130,,,0,25,,13452,130,,,0,87,,13468,130,,,0,87,,13470,130,,,0,87,,13453,130,,,0,46,,13456,130,,,0,86,,13461,130,,,0,86,,13450,130,,,0
2000801,'13805ebc-bea4-4dd3-bd3f-9c5e4ab438b0',733,,14607,103,,,0,71,,14612,103,,,0,30,,14608,103,,,0,70,,14624,103,,,0,30,,14615,103,,,0,72,,14616,103,,,0,30,,14618,103,,,0,70,,14617,103,,,0,30,,14599,103,,,0,70,,14625,103,,,0,30,,14611,103,,,0,70,,14629,103,,,0,30,,14604,103,,,0,70,,14628,103,,,0,30,,14602,103,,,0,70,,14600,103,,,0,30,,14623,103,,,0,70,,14613,103,,,0,32,,14614,103,,,0,70,,14603,103,,,0,27,,14621,103,,,0,70,,14610,103,,,0,30,,14601,82,,,0,71,,14626,103,,,0,98,,14622,103,,,0,100,,14620,103,,,0,100,,14606,103,,,0,100,,14619,103,,,0,100,,14627,82,,,0
2000801,'5b663066-968d-4dfa-a248-00bf0b9579fb',604,,14634,103,,,0,30,,14652,103,,,0,70,,14660,70,,,0,30,,14657,103,,,0,70,,14631,103,,,0,30,,14638,103,,,0,70,,14663,103,,,0,30,,14655,103,,,0,72,,14659,103,,,0,30,,14656,103,,,0,70,,14637,103,,,0,30,,14645,103,,,0,70,,14644,103,,,0,30,,14632,103,,,0,70,,14640,103,,,0,30,,14633,103,,,0,70,,14635,70,,,0,30,,14654,103,,,0,70,,14639,103,,,0,30,,14649,103,,,0,70,,14658,103,,,0,31,,14636,103,,,0,71,,14642,103,,,0,27,,14650,103,,,0,70,,14661,103,,,0,30,,14653,82,,,0,71,,14662,103,,,0,98,,14641,103,,,0,100,,14648,103,,,0,100,,14643,103,,,0,100,,14651,103,,,0,100,,14630,82,,,0
2000801,'6d401a22-fb9c-477c-accf-7b1543647ca1',1004,,14672,103,,,0,102,,14676,103,,,0,100,,14673,103,,,0,100,,14665,103,,,0,100,,14667,103,,,0,100,,14670,103,,,0,100,,14666,103,,,0,97,,14671,103,,,0,100,,14669,103,,,0,100,,14664,103,,,0,98,,14674,103,,,0,100,,14668,103,,,0,100,,14677,82,,,0
2000801,'f60b9e5b-38dd-4def-ac17-8354041fa0cb',1004,,14683,103,,,0,102,,14682,103,,,0,100,,14678,103,,,0,100,,14685,103,,,0,100,,14691,103,,,0,100,,14684,103,,,0,100,,14690,103,,,0,97,,14679,103,,,0,100,,14688,103,,,0,100,,14686,103,,,0,98,,14689,103,,,0,100,,14680,103,,,0,100,,14681,82,,,0
