10000,'13805ebc-bea4-4dd3-bd3f-9c5e4ab438b0',805,,13376,70,,,0,24,,13360,70,,,0,25,,13377,70,,,0,64,,13367,70,,,0,25,,13370,70,,,0,64,,13362,70,,,0,25,,13347,70,,,0,24,,13345,70,,,0,65,,13348,70,,,0,24,,13373,70,,,0,65,,13359,70,,,0,24,,13361,70,,,0,25,,13374,70,,,0,64,,13357,70,,,0,25,,13354,70,,,0,64,,13342,70,,,0,25,,13343,70,,,0,64,,13356,70,,,0,25,,13346,70,,,0,25,,13355,70,,,0,66,,13372,70,,,0,25,,13358,70,,,0,66,,13353,70,,,0,25,,13371,70,,,0,25,,13366,70,,,0,65,,13351,70,,,0,22,,13349,70,,,0,65,,13363,70,,,0,22,,13368,70,,,0,25,,13369,70,,,0,61,,13365,70,,,0,25,,13350,70,,,0,61,,13352,70,,,0,25,,13344,70,,,0,22,,13364,70,,,0,86,,13375,70,,,0
10000,'5b663066-968d-4dfa-a248-00bf0b9579fb',730,,13388,70,,,0,20,,13381,70,,,0,69,,13399,70,,,0,22,,13411,70,,,0,67,,13393,70,,,0,24,,13395,70,,,0,25,,13407,70,,,0,64,,13402,70,,,0,25,,13387,70,,,0,64,,13406,70,,,0,25,,13396,70,,,0,24,,13384,70,,,0,65,,13409,70,,,0,24,,13400,70,,,0,66,,13415,70,,,0,25,,13378,70,,,0,66,,13410,70,,,0,25,,13401,70,,,0,26,,13413,70,,,0,64,,13386,70,,,0,26,,13404,70,,,0,64,,13408,70,,,0,25,,13380,70,,,0,24,,13392,70,,,0,64,,13391,70,,,0,24,,13414,70,,,0,63,,13379,70,,,0,24,,13383,70,,,0,23,,13385,70,,,0,64,,13389,70,,,0,23,,13390,70,,,0,63,,13405,70,,,0,23,,13394,70,,,0,23,,13398,70,,,0,63,,13403,70,,,0,23,,13382,70,,,0,63,,13397,70,,,0,46,,13412,70,,,0
10000,'6d401a22-fb9c-477c-accf-7b1543647ca1',807,,13428,70,,,0,49,,13420,70,,,0,89,,13433,70,,,0,89,,13419,70,,,0,89,,13416,70,,,0,24,,13429,70,,,0,65,,13418,70,,,0,24,,13431,70,,,0,65,,13441,70,,,0,24,,13417,70,,,0,25,,13421,70,,,0,64,,13430,70,,,0,25,,13440,70,,,0,64,,13439,70,,,0,25,,13435,70,,,0,24,,13424,70,,,0,65,,13437,70,,,0,25,,13443,70,,,0,66,,13427,70,,,0,25,,13434,70,,,0,25,,13426,70,,,0,65,,13436,70,,,0,87,,13438,70,,,0,47,,13432,70,,,0,87,,13422,70,,,0,86,,13442,70,,,0,86,,13423,70,,,0,86,,13425,70,,,0
10000,'f60b9e5b-38dd-4def-ac17-8354041fa0cb',807,,13469,70,,,0,49,,13446,70,,,0,89,,13467,70,,,0,89,,13466,70,,,0,89,,13471,70,,,0,24,,13444,70,,,0,65,,13451,70,,,0,24,,13457,70,,,0,65,,13463,70,,,0,24,,13455,70,,,0,25,,13462,70,,,0,64,,13448,70,,,0,25,,13447,70,,,0,64,,13445,70,,,0,25,,13449,70,,,0,24,,13464,70,,,0,65,,13459,70,,,0,25,,13460,70,,,0,66,,13454,70,,,0,25,,13465,70,,,0,25,,13458,70,,,0,65,,13452,70,,,0,87,,13468,70,,,0,47,,13470,70,,,0,87,,13453,70,,,0,86,,13456,70,,,0,86,,13461,70,,,0,86,,13450,70,,,0
10100,'13805ebc-bea4-4dd3-bd3f-9c5e4ab438b0',734,,13501,82,,,0,85,,13487,82,,,0,22,,13474,82,,,0,63,,13477,82,,,0,22,,13507,82,,,0,23,,13476,82,,,0,62,,13502,82,,,0,23,,13483,82,,,0,22,,13500,82,,,0,63,,13478,82,,,0,22,,13475,82,,,0,63,,13480,82,,,0,22,,13495,82,,,0,23,,13494,82,,,0,65,,13499,82,,,0,25,,13489,82,,,0,65,,13490,82,,,0,26,,13504,82,,,0,27,,13472,82,,,0,66,,13498,82,,,0,25,,13482,82,,,0,66,,13491,82,,,0,25,,13485,82,,,0,66,,13481,82,,,0,25,,13486,82,,,0,26,,13506,82,,,0,65,,13497,82,,,0,26,,13479,82,,,0,65,,13496,82,,,0,26,,13488,82,,,0,64,,13503,82,,,0,24,,13505,82,,,0,22,,13473,82,,,0,64,,13493,82,,,0,23,,13492,82,,,0,90,,13484,82,,,0
10100,'5b663066-968d-4dfa-a248-00bf0b9579fb',724,,13522,82,,,0,22,,13533,82,,,0,63,,13530,82,,,0,22,,13543,82,,,0,23,,13534,82,,,0,62,,13532,82,,,0,23,,13519,82,,,0,62,,13523,82,,,0,23,,13515,82,,,0,22,,13540,82,,,0,66,,13513,82,,,0,24,,13511,82,,,0,66,,13537,82,,,0,25,,13541,82,,,0,26,,13525,82,,,0,65,,13531,82,,,0,26,,13509,82,,,0,67,,13517,82,,,0,27,,13518,82,,,0,66,,13538,82,,,0,26,,13527,82,,,0,26,,13528,82,,,0,66,,13524,82,,,0,25,,13521,82,,,0,66,,13508,82,,,0,24,,13542,82,,,0,64,,13516,82,,,0,24,,13536,82,,,0,24,,13544,82,,,0,64,,13510,82,,,0,24,,13529,82,,,0,64,,13520,82,,,0,24,,13535,82,,,0,22,,13539,82,,,0,64,,13512,82,,,0,24,,13526,82,,,0,85,,13514,82,,,0
10100,'6d401a22-fb9c-477c-accf-7b1543647ca1',739,,13569,82,,,0,85,,13551,82,,,0,85,,13549,82,,,0,45,,13572,82,,,0,85,,13559,82,,,0,85,,13561,82,,,0,22,,13553,82,,,0,63,,13546,82,,,0,25,,13560,82,,,0,23,,13547,82,,,0,68,,13562,82,,,0,25,,13555,82,,,0,66,,13568,82,,,0,25,,13570,82,,,0,66,,13567,82,,,0,25,,13571,82,,,0,26,,13557,82,,,0,67,,13558,82,,,0,24,,13552,82,,,0,64,,13545,82,,,0,24,,13566,82,,,0,64,,13563,82,,,0,50,,13548,82,,,0,88,,13556,82,,,0,86,,13550,82,,,0,86,,13565,82,,,0,46,,13564,82,,,0,86,,13554,82,,,0
10100,'f60b9e5b-38dd-4def-ac17-8354041fa0cb',739,,13595,82,,,0,85,,13583,82,,,0,85,,13600,82,,,0,45,,13598,82,,,0,85,,13589,82,,,0,85,,13590,82,,,0,22,,13592,82,,,0,63,,13585,82,,,0,25,,13588,82,,,0,23,,13580,82,,,0,68,,13584,82,,,0,25,,13577,82,,,0,66,,13591,82,,,0,25,,13581,82,,,0,66,,13579,82,,,0,25,,13586,82,,,0,26,,13582,82,,,0,67,,13593,82,,,0,24,,13587,82,,,0,64,,13594,82,,,0,24,,13575,82,,,0,64,,13599,82,,,0,50,,13596,82,,,0,88,,13578,82,,,0,86,,13573,82,,,0,86,,13576,82,,,0,46,,13574,82,,,0,86,,13597,82,,,0
40001,'13805ebc-bea4-4dd3-bd3f-9c5e4ab438b0',854,,13643,21,,,0,71,,13647,21,,,0,30,,13645,21,,,0,70,,13649,21,,,0,30,,13655,21,,,0,69,,13644,21,,,0,30,,13662,21,,,0,70,,13646,21,,,0,30,,13653,21,,,0,70,,13661,21,,,0,30,,13651,21,,,0,70,,13658,21,,,0,30,,13648,21,,,0,70,,13652,21,,,0,30,,13650,21,,,0,70,,13657,21,,,0,30,,13656,21,,,0,70,,13654,21,,,0,30,,13659,21,,,0,70,,13660,21,,,0
40001,'5b663066-968d-4dfa-a248-00bf0b9579fb',654,,13675,21,,,0,68,,13677,21,,,0,30,,13674,21,,,0,73,,13667,21,,,0,30,,13668,21,,,0,70,,13685,21,,,0,30,,13676,21,,,0,70,,13663,21,,,0,30,,13664,21,,,0,69,,13679,21,,,0,30,,13680,21,,,0,70,,13673,21,,,0,30,,13672,21,,,0,70,,13669,21,,,0,30,,13671,21,,,0,70,,13683,21,,,0,31,,13665,21,,,0,70,,13670,21,,,0,29,,13684,21,,,0,70,,13686,21,,,0,30,,13678,21,,,0,70,,13682,21,,,0,30,,13681,21,,,0,70,,13666,21,,,0
1000800,'13805ebc-bea4-4dd3-bd3f-9c5e4ab438b0',712,,13906,95,4,,0,30,,13901,95,4,,0,70,,13893,213,4,,0,32,,13909,386,4,,0,70,,13921,386,4,,0,30,,13892,386,4,,0,70,,13899,386,4,,0,30,,13891,386,4,,0,70,,13905,386,4,,0,30,,13919,386,4,,0,70,,13910,386,4,,0,30,,13918,386,4,,0,70,,13898,386,4,,0,30,,13888,386,4,,0,70,,13915,386,4,,0,30,,13916,386,4,,0,70,,13913,386,4,,0,30,,13903,386,4,,0,70,,13912,386,4,,0,30,,13887,386,4,,0,70,,13920,386,4,,0,31,,13886,386,4,,0,70,,13902,386,4,,0,30,,13904,386,4,,0,70,,13900,386,4,,0,98,,13897,386,4,,0,95,,13889,113,4,,0,98,,13911,113,4,,0,100,,13917,113,4,,0,100,,13896,113,4,,0
1000800,'5b663066-968d-4dfa-a248-00bf0b9579fb',542,,13940,213,4,,0,70,,13949,213,4,,0,30,,13934,386,4,,0,70,,13947,386,4,,0,30,,13929,386,4,,0,70,,13960,386,4,,0,32,,13922,345,4,,0,70,,13927,386,4,,0,30,,13933,386,4,,0,70,,13951,386,4,,0,30,,13930,386,4,,0,70,,13932,386,4,,0,30,,13941,386,4,,0,70,,13931,386,4,,0,30,,13958,386,4,,0,70,,13959,386,4,,0,30,,13946,386,4,,0,70,,13957,386,4,,0,30,,13935,386,4,,0,70,,13924,386,4,,0,30,,13944,345,4,,0,70,,13942,386,4,,0,30,,13926,386,4,,0,70,,13945,386,4,,0,32,,13953,386,4,,0,70,,13925,386,4,,0,30,,13943,386,4,,0,70,,13938,386,4,,0,92,,13928,386,4,,0,105,,13939,113,4,,0,98,,13948,113,4,,0,100,,13952,113,4,,0,104,,13956,113,4,,0
1000800,'6d401a22-fb9c-477c-accf-7b1543647ca1',912,,13969,113,4,,0,102,,13982,113,4,,0,100,,13974,113,4,,0,100,,13968,113,4,,0,100,,13977,113,4,,0,100,,13983,113,4,,0,100,,13986,113,4,,0,100,,13981,113,4,,0,100,,13971,113,4,,0,99,,13987,113,4,,0,100,,13965,113,4,,0,100,,13985,113,4,,0,100,,13972,113,4,,0
1000800,'f60b9e5b-38dd-4def-ac17-8354041fa0cb',912,,13998,113,4,,0,102,,13989,113,4,,0,100,,14010,113,4,,0,100,,14015,113,4,,0,100,,14011,113,4,,0,100,,14002,113,4,,0,100,,13992,113,4,,0,100,,14008,113,4,,0,100,,13996,113,4,,0,99,,13991,113,4,,0,100,,14009,113,4,,0,100,,13995,113,4,,0,100,,14014,113,4,,0
1000801,'13805ebc-bea4-4dd3-bd3f-9c5e4ab438b0',713,,14047,0,,,0,30,,14026,0,,,0,70,,14025,0,,,0,32,,14029,0,,,0,70,,14028,0,,,0,30,,14039,0,,,0,70,,14027,0,,,0,30,,14045,0,,,0,70,,14044,0,,,0,30,,14041,0,,,0,70,,14033,0,,,0,30,,14024,0,,,0,70,,14030,0,,,0,30,,14035,0,,,0,70,,14036,0,,,0,30,,14043,0,,,0,70,,14020,0,,,0,30,,14016,0,,,0,70,,14037,0,,,0,31,,14038,0,,,0,70,,14017,0,,,0,31,,14023,0,,,0,70,,14040,0,,,0,30,,14022,0,,,0,70,,14018,0,,,0,98,,14019,0,,,0,100,,14042,0,,,0,98,,14031,0,,,0,100,,14021,0,,,0,100,,14034,0,,,0
1000801,'5b663066-968d-4dfa-a248-00bf0b9579fb',543,,14062,0,,,0,70,,14063,0,,,0,30,,14061,0,,,0,70,,14081,0,,,0,30,,14076,0,,,0,70,,14056,0,,,0,32,,14075,0,,,0,70,,14067,0,,,0,30,,14057,0,,,0,70,,14066,0,,,0,30,,14065,0,,,0,70,,14060,0,,,0,30,,14078,0,,,0,70,,14052,0,,,0,30,,14077,0,,,0,70,,14064,0,,,0,30,,14080,0,,,0,70,,14055,0,,,0,30,,14069,0,,,0,70,,14048,0,,,0,30,,14051,0,,,0,70,,14058,0,,,0,30,,14072,0,,,0,70,,14073,0,,,0,32,,14050,0,,,0,70,,14082,0,,,0,30,,14049,0,,,0,70,,14054,0,,,0,98,,14068,0,,,0,100,,14070,0,,,0,98,,14079,0,,,0,100,,14074,0,,,0,103,,14083,0,,,0
1000801,'6d401a22-fb9c-477c-accf-7b1543647ca1',914,,14090,0,,,0,102,,14092,0,,,0,100,,14091,0,,,0,99,,14085,0,,,0,100,,14093,0,,,0,100,,14094,0,,,0,100,,14097,0,,,0,100,,14088,0,,,0,101,,14089,0,,,0,99,,14084,0,,,0,100,,14086,0,,,0,100,,14087,0,,,0,100,,14096,0,,,0
1000801,'f60b9e5b-38dd-4def-ac17-8354041fa0cb',914,,14103,0,,,0,102,,14108,0,,,0,100,,14109,0,,,0,99,,14106,0,,,0,100,,14104,0,,,0,100,,14107,0,,,0,100,,14099,0,,,0,100,,14110,0,,,0,101,,14101,0,,,0,99,,14100,0,,,0,100,,14111,0,,,0,100,,14102,0,,,0,100,,14098,0,,,0
2000800,'13805ebc-bea4-4dd3-bd3f-9c5e4ab438b0',713,,14496,157,4,,0,30,,14478,157,4,,0,70,,14495,157,4,,0,30,,14485,223,4,,0,70,,14491,223,4,,0,30,,14489,223,4,,0,70,,14498,223,4,,0,30,,14504,223,4,,0,70,,14481,223,4,,0,30,,14472,223,4,,0,70,,14494,223,4,,0,30,,14507,223,4,,0,70,,14476,223,4,,0,30,,14490,223,4,,0,70,,14480,223,4,,0,30,,14497,223,4,,0,70,,14492,223,4,,0,30,,14502,223,4,,0,71,,14484,223,4,,0,30,,14475,223,4,,0,70,,14503,223,4,,0,30,,14474,223,4,,0,70,,14505,223,4,,0,30,,14473,223,4,,0,99,,14483,223,4,,0,100,,14501,157,4,,0,100,,14487,157,4,,0,100,,14499,157,4,,0,100,,14493,157,4,,0
2000800,'5b663066-968d-4dfa-a248-00bf0b9579fb',543,,14532,161,4,,0,70,,14537,161,4,,0,30,,14511,223,4,,0,70,,14543,161,4,,0,30,,14533,223,4,,0,70,,14523,223,4,,0,30,,14538,223,4,,0,70,,14544,223,4,,0,30,,14527,223,4,,0,70,,14530,223,4,,0,30,,14522,223,4,,0,70,,14528,223,4,,0,30,,14521,223,4,,0,70,,14512,223,4,,0,30,,14540,223,4,,0,70,,14542,223,4,,0,30,,14519,223,4,,0,71,,14517,223,4,,0,30,,14535,223,4,,0,70,,14545,223,4,,0,30,,14510,223,4,,0,71,,14508,223,4,,0,31,,14525,223,4,,0,68,,14518,223,4,,0,30,,14539,223,4,,0,70,,14526,223,4,,0,30,,14520,223,4,,0,101,,14546,223,4,,0,98,,14513,157,4,,0,100,,14524,157,4,,0,100,,14515,157,4,,0,100,,14509,157,4,,0
2000800,'6d401a22-fb9c-477c-accf-7b1543647ca1',943,,14553,161,4,,0,100,,14549,157,4,,0,100,,14551,157,4,,0,100,,14567,157,4,,0,100,,14554,157,4,,0,100,,14568,157,4,,0,100,,14572,157,4,,0,100,,14563,157,4,,0,100,,14562,157,4,,0,100,,14565,157,4,,0,99,,14564,157,4,,0,100,,14556,157,4,,0,100,,14560,157,4,,0
2000800,'f60b9e5b-38dd-4def-ac17-8354041fa0cb',943,,14590,161,4,,0,100,,14574,157,4,,0,100,,14598,157,4,,0,100,,14596,157,4,,0,100,,14597,157,4,,0,100,,14582,157,4,,0,100,,14580,157,4,,0,100,,14576,157,4,,0,100,,14589,157,4,,0,100,,14591,157,4,,0,99,,14575,157,4,,0,100,,14586,157,4,,0,100,,14585,157,4,,0
2000801,'13805ebc-bea4-4dd3-bd3f-9c5e4ab438b0',714,,14607,0,,,0,30,,14612,0,,,0,70,,14608,0,,,0,30,,14624,0,,,0,70,,14615,0,,,0,30,,14616,0,,,0,70,,14618,0,,,0,30,,14617,0,,,0,70,,14599,0,,,0,30,,14625,0,,,0,70,,14611,0,,,0,30,,14629,0,,,0,70,,14604,0,,,0,30,,14628,0,,,0,70,,14602,0,,,0,30,,14600,0,,,0,70,,14623,0,,,0,30,,14613,0,,,0,72,,14614,0,,,0,30,,14603,0,,,0,70,,14621,0,,,0,30,,14610,0,,,0,70,,14601,0,,,0,31,,14626,0,,,0,99,,14622,0,,,0,100,,14620,0,,,0,100,,14606,0,,,0,100,,14619,0,,,0,100,,14627,0,,,0
2000801,'5b663066-968d-4dfa-a248-00bf0b9579fb',545,,14634,0,,,0,70,,14652,0,,,0,30,,14660,0,,,0,70,,14657,0,,,0,29,,14631,0,,,0,70,,14638,0,,,0,30,,14663,0,,,0,70,,14655,0,,,0,30,,14659,0,,,0,70,,14656,0,,,0,30,,14637,0,,,0,70,,14645,0,,,0,30,,14644,0,,,0,70,,14632,0,,,0,30,,14640,0,,,0,70,,14633,0,,,0,30,,14635,0,,,0,71,,14654,0,,,0,30,,14639,0,,,0,70,,14649,0,,,0,30,,14658,0,,,0,71,,14636,0,,,0,31,,14642,0,,,0,69,,14650,0,,,0,30,,14661,0,,,0,70,,14653,0,,,0,31,,14662,0,,,0,99,,14641,0,,,0,100,,14648,0,,,0,100,,14643,0,,,0,100,,14651,0,,,0,100,,14630,0,,,0
2000801,'6d401a22-fb9c-477c-accf-7b1543647ca1',944,,14672,0,,,0,100,,14676,0,,,0,100,,14673,0,,,0,100,,14665,0,,,0,100,,14667,0,,,0,100,,14670,0,,,0,100,,14666,0,,,0,100,,14671,0,,,0,100,,14669,0,,,0,100,,14664,0,,,0,99,,14674,0,,,0,100,,14668,0,,,0,100,,14677,0,,,0
2000801,'f60b9e5b-38dd-4def-ac17-8354041fa0cb',944,,14683,0,,,0,100,,14682,0,,,0,100,,14678,0,,,0,100,,14685,0,,,0,100,,14691,0,,,0,100,,14684,0,,,0,100,,14690,0,,,0,100,,14679,0,,,0,100,,14688,0,,,0,100,,14686,0,,,0,99,,14689,0,,,0,100,,14680,0,,,0,100,,14681,0,,,0
