2000801,'00b4df37-9ead-4621-87b1-b10de39e7a53',923,,9432,36,,,0,100,,9424,151,,,0,100,,9433,151,,,0,100,,9422,151,,,0,100,,9420,151,,,0,100,,9426,151,,,0,100,,9425,151,,,0,100,,9431,151,,,0,97,,9429,151,,,0,100,,9423,151,,,0,100,,9428,151,,,0,99,,9427,151,,,0,100,,9421,151,,,0
2000801,'1f462966-7865-4a53-81e8-bf17edfc4a48',500,,9465,36,,,0,100,,9439,36,,,0,21,,9463,151,,,0,30,,9455,151,,,0,70,,9458,108,,,0,30,,9440,151,,,0,70,,9442,151,,,0,30,,9441,151,,,0,71,,9443,151,,,0,30,,9456,151,,,0,71,,9462,151,,,0,30,,9445,151,,,0,70,,9438,151,,,0,30,,9466,151,,,0,71,,9461,151,,,0,30,,9434,151,,,0,70,,9452,151,,,0,30,,9444,151,,,0,70,,9437,108,,,0,30,,9459,151,,,0,70,,9454,151,,,0,30,,9449,151,,,0,70,,9453,151,,,0,32,,9451,151,,,0,71,,9435,151,,,0,30,,9446,151,,,0,68,,9436,151,,,0,101,,9450,151,,,0,100,,9457,151,,,0,95,,9447,151,,,0,100,,9467,151,,,0,100,,9448,151,,,0
2000801,'750deb35-6d38-499c-8a21-680b50a42db7',923,,9469,36,,,0,100,,9468,151,,,0,100,,9481,151,,,0,100,,9472,151,,,0,100,,9479,151,,,0,100,,9473,151,,,0,100,,9476,151,,,0,100,,9480,151,,,0,97,,9475,151,,,0,100,,9478,151,,,0,100,,9474,151,,,0,99,,9477,151,,,0,100,,9470,151,,,0
2000801,'b8cf426a-e7c2-4b1e-a046-1a350c71ef6f',651,,9486,36,,,0,70,,9502,36,,,0,30,,9508,151,,,0,70,,9498,151,,,0,30,,9493,151,,,0,71,,9487,151,,,0,30,,9504,151,,,0,71,,9510,151,,,0,30,,9509,151,,,0,70,,9495,151,,,0,30,,9512,151,,,0,71,,9511,151,,,0,30,,9494,151,,,0,70,,9492,151,,,0,30,,9503,151,,,0,70,,9488,151,,,0,30,,9491,151,,,0,70,,9482,151,,,0,30,,9490,151,,,0,70,,9500,151,,,0,32,,9485,151,,,0,71,,9489,151,,,0,30,,9483,151,,,0,68,,9497,151,,,0,101,,9484,151,,,0,100,,9501,151,,,0,95,,9496,151,,,0,100,,9499,151,,,0,100,,9507,151,,,0
2000801,'eff94312-f97b-4885-9572-54f138618b00',923,,9515,36,,,0,100,,9520,151,,,0,100,,9521,151,,,0,100,,9525,151,,,0,100,,9522,151,,,0,100,,9523,151,,,0,100,,9519,151,,,0,100,,9518,151,,,0,97,,9513,151,,,0,100,,9517,151,,,0,100,,9526,151,,,0,99,,9514,151,,,0,100,,9524,151,,,0
2001200,'00b4df37-9ead-4621-87b1-b10de39e7a53',824,,9534,57,,,0,100,,9537,57,,,0,100,,9539,57,,,0,100,,9527,57,,,0,103,,9528,57,,,0,109,,9531,57,,,0,100,,9538,57,,,0,110,,9535,57,,,0,100,,9540,57,,,0,110,,9529,57,,,0,100,,9533,57,,,0,100,,9532,57,,,0,100,,9530,57,,,0,102,,9536,57,,,0
2001200,'1f462966-7865-4a53-81e8-bf17edfc4a48',530,,9568,57,,,0,75,,9556,57,,,0,23,,9552,57,,,0,28,,9564,57,,,0,73,,9566,57,,,0,74,,9547,57,,,0,33,,9542,57,,,0,70,,9559,57,,,0,35,,9551,57,,,0,75,,9555,57,,,0,30,,9543,57,,,0,70,,9563,57,,,0,35,,9544,57,,,0,74,,9572,57,,,0,30,,9557,57,,,0,70,,9541,57,,,0,75,,9550,57,,,0,35,,9546,57,,,0,79,,9553,57,,,0,35,,9570,57,,,0,75,,9565,57,,,0,35,,9561,57,,,0,75,,9562,57,,,0,75,,9569,57,,,0,35,,9558,57,,,0,63,,9548,57,,,0,35,,9554,57,,,0,75,,9549,57,,,0,35,,9573,57,,,0,70,,9560,57,,,0,30,,9567,57,,,0,100,,9545,57,,,0,100,,9571,57,,,0
2001200,'750deb35-6d38-499c-8a21-680b50a42db7',824,,9582,57,,,0,100,,9586,57,,,0,100,,9575,57,,,0,100,,9577,57,,,0,103,,9580,57,,,0,109,,9578,57,,,0,100,,9579,57,,,0,110,,9583,57,,,0,100,,9581,57,,,0,110,,9585,57,,,0,100,,9584,57,,,0,100,,9587,57,,,0,100,,9576,57,,,0,102,,9574,57,,,0
2001200,'b8cf426a-e7c2-4b1e-a046-1a350c71ef6f',640,,9608,57,,,0,70,,9615,57,,,0,30,,9610,57,,,0,68,,9588,57,,,0,30,,9604,57,,,0,70,,9614,57,,,0,30,,9591,57,,,0,70,,9617,57,,,0,33,,9595,57,,,0,70,,9618,57,,,0,30,,9601,57,,,0,84,,9602,57,,,0,30,,9589,57,,,0,70,,9597,57,,,0,30,,9607,57,,,0,79,,9606,57,,,0,70,,9613,57,,,0,30,,9611,57,,,0,70,,9590,57,,,0,40,,9598,57,,,0,70,,9603,57,,,0,30,,9612,57,,,0,70,,9594,57,,,0,40,,9596,57,,,0,70,,9592,57,,,0,30,,9605,57,,,0,70,,9609,57,,,0,30,,9619,57,,,0,70,,9593,57,,,0,30,,9616,57,,,0,100,,9600,57,,,0,100,,9599,57,,,0
2001200,'eff94312-f97b-4885-9572-54f138618b00',824,,9630,57,,,0,100,,9623,57,,,0,100,,9626,57,,,0,100,,9624,57,,,0,103,,9632,57,,,0,109,,9627,57,,,0,100,,9633,57,,,0,110,,9629,57,,,0,100,,9628,57,,,0,110,,9620,57,,,0,100,,9622,57,,,0,100,,9621,57,,,0,100,,9625,57,,,0,102,,9631,57,,,0
