1000800,'13805ebc-bea4-4dd3-bd3f-9c5e4ab438b0',718,,13909,0,,,0,30,,13921,0,,,0,70,,13892,0,,,0,30,,13899,0,,,0,70,,13891,0,,,0,30,,13905,0,,,0,67,,13919,0,,,0,30,,13910,0,,,0,70,,13918,0,,,0,30,,13898,0,,,0,70,,13888,0,,,0,30,,13915,0,,,0,70,,13916,0,,,0,30,,13913,0,,,0,70,,13903,0,,,0,30,,13912,0,,,0,70,,13887,0,,,0,30,,13920,0,,,0,71,,13886,0,,,0,30,,13902,0,,,0,70,,13904,0,,,0,30,,13900,0,,,0,70,,13914,0,,,0,30,,13897,0,,,0,70,,13907,0,,,0,103,,13885,0,,,0,100,,13908,0,,,0,100,,13890,0,,,0,100,,13894,0,,,0
1000800,'5b663066-968d-4dfa-a248-00bf0b9579fb',518,,13934,0,,,0,30,,13947,0,,,0,70,,13929,0,,,0,30,,13960,0,,,0,70,,13922,0,,,0,30,,13927,0,,,0,70,,13933,0,,,0,30,,13951,0,,,0,70,,13930,0,,,0,30,,13932,0,,,0,67,,13941,0,,,0,30,,13931,0,,,0,70,,13958,0,,,0,30,,13959,0,,,0,70,,13946,0,,,0,30,,13957,0,,,0,70,,13935,0,,,0,30,,13924,0,,,0,70,,13944,0,,,0,30,,13942,0,,,0,70,,13926,0,,,0,30,,13945,0,,,0,71,,13953,0,,,0,30,,13925,0,,,0,70,,13943,0,,,0,30,,13938,0,,,0,70,,13955,0,,,0,30,,13928,0,,,0,70,,13950,0,,,0,103,,13961,0,,,0,100,,13923,0,,,0,100,,13936,0,,,0,100,,13937,0,,,0
1000800,'6d401a22-fb9c-477c-accf-7b1543647ca1',918,,13962,0,,,0,97,,13964,0,,,0,100,,13980,0,,,0,100,,13975,0,,,0,100,,13963,0,,,0,100,,13979,0,,,0,100,,13966,0,,,0,101,,13970,0,,,0,100,,13967,0,,,0,100,,13978,0,,,0,100,,13973,0,,,0,103,,13988,0,,,0,100,,13976,0,,,0
1000800,'f60b9e5b-38dd-4def-ac17-8354041fa0cb',918,,14006,0,,,0,97,,14007,0,,,0,100,,13990,0,,,0,100,,14001,0,,,0,100,,13999,0,,,0,100,,14004,0,,,0,100,,13994,0,,,0,101,,14003,0,,,0,100,,14012,0,,,0,100,,14013,0,,,0,100,,13997,0,,,0,103,,14000,0,,,0,100,,13993,0,,,0
1000801,'13805ebc-bea4-4dd3-bd3f-9c5e4ab438b0',712,,14046,82,4,,0,30,,14032,82,4,,0,61,,14047,251,4,,0,30,,14026,251,4,,0,70,,14025,251,4,,0,31,,14029,251,4,,0,70,,14028,251,4,,0,31,,14039,251,4,,0,70,,14027,251,4,,0,30,,14045,251,4,,0,70,,14044,251,4,,0,32,,14041,251,4,,0,70,,14033,251,4,,0,30,,14024,251,4,,0,70,,14030,251,4,,0,30,,14035,251,4,,0,70,,14036,251,4,,0,30,,14043,251,4,,0,70,,14020,251,4,,0,30,,14016,251,4,,0,72,,14037,251,4,,0,31,,14038,251,4,,0,70,,14017,251,4,,0,28,,14023,251,4,,0,70,,14040,251,4,,0,102,,14018,251,4,,0,96,,14019,251,4,,0,100,,14042,251,4,,0,96,,14031,251,4,,0
1000801,'5b663066-968d-4dfa-a248-00bf0b9579fb',512,,14071,82,4,,0,30,,14053,82,4,,0,70,,14059,82,4,,0,21,,14062,251,4,,0,70,,14063,251,4,,0,30,,14061,251,4,,0,70,,14081,251,4,,0,30,,14076,251,4,,0,70,,14056,251,4,,0,31,,14075,251,4,,0,70,,14067,251,4,,0,31,,14057,251,4,,0,70,,14066,251,4,,0,30,,14065,251,4,,0,70,,14060,251,4,,0,32,,14078,251,4,,0,70,,14052,251,4,,0,30,,14077,251,4,,0,70,,14064,251,4,,0,30,,14080,251,4,,0,70,,14055,251,4,,0,30,,14069,251,4,,0,70,,14048,251,4,,0,30,,14051,251,4,,0,74,,14058,251,4,,0,30,,14072,251,4,,0,70,,14073,251,4,,0,27,,14050,251,4,,0,70,,14082,251,4,,0,102,,14054,251,4,,0,96,,14068,251,4,,0,100,,14070,251,4,,0,96,,14079,251,4,,0
1000801,'6d401a22-fb9c-477c-accf-7b1543647ca1',903,,14095,82,4,,0,101,,14090,251,4,,0,103,,14092,251,4,,0,100,,14091,251,4,,0,100,,14085,251,4,,0,100,,14093,251,4,,0,100,,14094,251,4,,0,102,,14097,251,4,,0,100,,14088,251,4,,0,101,,14089,251,4,,0,96,,14084,251,4,,0,100,,14086,251,4,,0,100,,14087,251,4,,0
1000801,'f60b9e5b-38dd-4def-ac17-8354041fa0cb',903,,14105,82,4,,0,101,,14103,251,4,,0,103,,14108,251,4,,0,100,,14109,251,4,,0,100,,14106,251,4,,0,100,,14104,251,4,,0,100,,14107,251,4,,0,102,,14099,251,4,,0,100,,14110,251,4,,0,101,,14101,251,4,,0,96,,14100,251,4,,0,100,,14111,251,4,,0,100,,14102,251,4,,0
1001500,'13805ebc-bea4-4dd3-bd3f-9c5e4ab438b0',759,,14217,51,4,,0,76,,14204,51,4,,0,76,,14210,51,4,,0,36,,14208,51,4,,0,78,,14209,51,4,,0,78,,14216,51,4,,0,36,,14215,51,4,,0,76,,14207,51,4,,0,36,,14222,51,4,,0,76,,14206,51,4,,0,78,,14213,51,4,,0,36,,14205,51,4,,0,76,,14214,51,4,,0,36,,14218,51,4,,0,76,,14221,51,4,,0,76,,14203,51,4,,0,38,,14219,51,4,,0,76,,14211,51,4,,0,36,,14212,51,4,,0,76,,14220,51,4,,0
1001500,'5b663066-968d-4dfa-a248-00bf0b9579fb',613,,14236,51,4,,0,38,,14228,51,4,,0,78,,14243,51,4,,0,78,,14227,51,4,,0,42,,14235,51,4,,0,80,,14223,51,4,,0,80,,14230,51,4,,0,40,,14225,51,4,,0,80,,14238,51,4,,0,80,,14234,51,4,,0,40,,14237,51,4,,0,82,,14242,51,4,,0,82,,14231,51,4,,0,42,,14240,51,4,,0,82,,14233,51,4,,0,80,,14224,51,4,,0,40,,14229,51,4,,0,80,,14239,51,4,,0,82,,14232,51,4,,0,82,,14226,51,4,,0,42,,14241,51,4,,0
1001500,'6d401a22-fb9c-477c-accf-7b1543647ca1',759,,14263,51,4,,0,76,,14244,51,4,,0,76,,14254,51,4,,0,36,,14255,51,4,,0,78,,14252,51,4,,0,78,,14249,51,4,,0,36,,14260,51,4,,0,76,,14261,51,4,,0,36,,14248,51,4,,0,76,,14245,51,4,,0,78,,14262,51,4,,0,36,,14259,51,4,,0,76,,14246,51,4,,0,36,,14250,51,4,,0,76,,14258,51,4,,0,76,,14251,51,4,,0,38,,14256,51,4,,0,76,,14257,51,4,,0,36,,14253,51,4,,0,76,,14247,51,4,,0
1001500,'f60b9e5b-38dd-4def-ac17-8354041fa0cb',759,,14276,51,4,,0,76,,14280,51,4,,0,76,,14277,51,4,,0,36,,14266,51,4,,0,78,,14278,51,4,,0,78,,14272,51,4,,0,36,,14275,51,4,,0,76,,14279,51,4,,0,36,,14270,51,4,,0,76,,14271,51,4,,0,78,,14269,51,4,,0,36,,14282,51,4,,0,76,,14274,51,4,,0,36,,14265,51,4,,0,76,,14273,51,4,,0,76,,14281,51,4,,0,38,,14283,51,4,,0,76,,14268,51,4,,0,36,,14264,51,4,,0,76,,14267,51,4,,0
2000800,'13805ebc-bea4-4dd3-bd3f-9c5e4ab438b0',753,,14485,0,,,0,70,,14491,0,,,0,29,,14489,0,,,0,70,,14498,0,,,0,30,,14504,0,,,0,70,,14481,0,,,0,30,,14472,0,,,0,70,,14494,0,,,0,30,,14507,0,,,0,70,,14476,0,,,0,30,,14490,0,,,0,70,,14480,0,,,0,30,,14497,0,,,0,70,,14492,0,,,0,30,,14502,0,,,0,70,,14484,0,,,0,30,,14475,0,,,0,71,,14503,0,,,0,30,,14474,0,,,0,70,,14505,0,,,0,30,,14473,0,,,0,70,,14477,0,,,0,30,,14483,0,,,0,70,,14482,0,,,0,100,,14488,0,,,0,100,,14479,0,,,0,100,,14486,0,,,0,100,,14500,0,,,0,100,,14506,0,,,0
2000800,'5b663066-968d-4dfa-a248-00bf0b9579fb',553,,14511,0,,,0,100,,14533,0,,,0,70,,14523,0,,,0,30,,14538,0,,,0,70,,14544,0,,,0,29,,14527,0,,,0,70,,14530,0,,,0,30,,14522,0,,,0,70,,14528,0,,,0,30,,14521,0,,,0,70,,14512,0,,,0,30,,14540,0,,,0,70,,14542,0,,,0,30,,14519,0,,,0,69,,14517,0,,,0,30,,14535,0,,,0,70,,14545,0,,,0,30,,14510,0,,,0,70,,14508,0,,,0,30,,14525,0,,,0,72,,14518,0,,,0,30,,14539,0,,,0,70,,14526,0,,,0,30,,14520,0,,,0,70,,14514,0,,,0,30,,14546,0,,,0,70,,14536,0,,,0,100,,14516,0,,,0,100,,14541,0,,,0,100,,14534,0,,,0,100,,14529,0,,,0,100,,14531,0,,,0
2000800,'6d401a22-fb9c-477c-accf-7b1543647ca1',1022,,14552,0,,,0,100,,14569,0,,,0,100,,14550,0,,,0,100,,14547,0,,,0,100,,14548,0,,,0,100,,14559,0,,,0,101,,14555,0,,,0,100,,14566,0,,,0,100,,14571,0,,,0,100,,14557,0,,,0,100,,14570,0,,,0,100,,14561,0,,,0,100,,14558,0,,,0
2000800,'f60b9e5b-38dd-4def-ac17-8354041fa0cb',1022,,14595,0,,,0,100,,14592,0,,,0,100,,14584,0,,,0,100,,14577,0,,,0,100,,14588,0,,,0,100,,14578,0,,,0,101,,14579,0,,,0,100,,14587,0,,,0,100,,14573,0,,,0,100,,14593,0,,,0,100,,14581,0,,,0,100,,14594,0,,,0,100,,14583,0,,,0
2000801,'13805ebc-bea4-4dd3-bd3f-9c5e4ab438b0',738,,14605,199,4,,0,70,,14609,199,4,,0,30,,14607,331,4,,0,74,,14612,331,4,,0,30,,14608,331,4,,0,69,,14624,331,4,,0,30,,14615,331,4,,0,72,,14616,331,4,,0,30,,14618,331,4,,0,70,,14617,331,4,,0,30,,14599,331,4,,0,71,,14625,331,4,,0,30,,14611,331,4,,0,70,,14629,331,4,,0,30,,14604,331,4,,0,70,,14628,331,4,,0,30,,14602,331,4,,0,70,,14600,331,4,,0,30,,14623,331,4,,0,70,,14613,331,4,,0,32,,14614,331,4,,0,71,,14603,331,4,,0,28,,14621,331,4,,0,68,,14610,331,4,,0,101,,14626,331,4,,0,99,,14622,331,4,,0,95,,14620,331,4,,0,100,,14606,331,4,,0,100,,14619,331,4,,0
2000801,'5b663066-968d-4dfa-a248-00bf0b9579fb',547,,14646,199,4,,0,100,,14647,199,4,,0,61,,14634,331,4,,0,30,,14652,331,4,,0,70,,14660,264,4,,0,30,,14657,331,4,,0,74,,14631,331,4,,0,30,,14638,331,4,,0,69,,14663,331,4,,0,30,,14655,331,4,,0,70,,14659,331,4,,0,32,,14656,331,4,,0,70,,14637,331,4,,0,30,,14645,331,4,,0,71,,14644,331,4,,0,30,,14632,331,4,,0,70,,14640,331,4,,0,28,,14633,331,4,,0,70,,14635,264,4,,0,33,,14654,331,4,,0,72,,14639,331,4,,0,30,,14649,331,4,,0,70,,14658,331,4,,0,31,,14636,331,4,,0,71,,14642,331,4,,0,26,,14650,331,4,,0,68,,14661,331,4,,0,101,,14662,331,4,,0,99,,14641,331,4,,0,95,,14648,331,4,,0,100,,14643,331,4,,0,100,,14651,331,4,,0
2000801,'6d401a22-fb9c-477c-accf-7b1543647ca1',1014,,14675,199,4,,0,100,,14672,331,4,,0,99,,14676,331,4,,0,100,,14673,331,4,,0,100,,14665,331,4,,0,100,,14667,331,4,,0,100,,14670,331,4,,0,100,,14666,331,4,,0,95,,14671,331,4,,0,100,,14669,331,4,,0,100,,14664,331,4,,0,98,,14674,331,4,,0,100,,14668,331,4,,0
2000801,'f60b9e5b-38dd-4def-ac17-8354041fa0cb',1014,,14687,199,4,,0,100,,14683,331,4,,0,99,,14682,331,4,,0,100,,14678,331,4,,0,100,,14685,331,4,,0,100,,14691,331,4,,0,100,,14684,331,4,,0,100,,14690,331,4,,0,95,,14679,331,4,,0,100,,14688,331,4,,0,100,,14686,331,4,,0,98,,14689,331,4,,0,100,,14680,331,4,,0
2001500,'13805ebc-bea4-4dd3-bd3f-9c5e4ab438b0',802,,14801,0,,,0,36,,14789,0,,,0,76,,14802,0,,,0,38,,14788,0,,,0,78,,14797,0,,,0,76,,14786,0,,,0,36,,14804,0,,,0,76,,14803,0,,,0,36,,14792,0,,,0,78,,14793,0,,,0,76,,14787,0,,,0,36,,14794,0,,,0,76,,14798,0,,,0,36,,14790,0,,,0,76,,14785,0,,,0,78,,14799,0,,,0,36,,14795,0,,,0,76,,14791,0,,,0,36,,14800,0,,,0,76,,14796,0,,,0
2001500,'5b663066-968d-4dfa-a248-00bf0b9579fb',616,,14808,0,,,0,36,,14816,0,,,0,78,,14821,0,,,0,82,,14819,0,,,0,40,,14815,0,,,0,80,,14809,0,,,0,80,,14814,0,,,0,40,,14823,0,,,0,80,,14825,0,,,0,80,,14811,0,,,0,42,,14806,0,,,0,82,,14824,0,,,0,82,,14818,0,,,0,82,,14812,0,,,0,40,,14822,0,,,0,80,,14805,0,,,0,80,,14820,0,,,0,42,,14813,0,,,0,82,,14810,0,,,0,82,,14817,0,,,0,40,,14807,0,,,0
2001500,'6d401a22-fb9c-477c-accf-7b1543647ca1',802,,14845,0,,,0,36,,14833,0,,,0,76,,14840,0,,,0,38,,14839,0,,,0,78,,14836,0,,,0,76,,14827,0,,,0,36,,14830,0,,,0,76,,14829,0,,,0,36,,14828,0,,,0,78,,14842,0,,,0,76,,14844,0,,,0,36,,14834,0,,,0,76,,14838,0,,,0,36,,14835,0,,,0,76,,14841,0,,,0,78,,14843,0,,,0,36,,14831,0,,,0,76,,14826,0,,,0,36,,14837,0,,,0,76,,14832,0,,,0
2001500,'f60b9e5b-38dd-4def-ac17-8354041fa0cb',802,,14856,0,,,0,36,,14864,0,,,0,76,,14862,0,,,0,38,,14854,0,,,0,78,,14859,0,,,0,76,,14857,0,,,0,36,,14863,0,,,0,76,,14847,0,,,0,36,,14850,0,,,0,78,,14849,0,,,0,76,,14851,0,,,0,36,,14865,0,,,0,76,,14858,0,,,0,36,,14855,0,,,0,76,,14852,0,,,0,78,,14846,0,,,0,36,,14848,0,,,0,76,,14853,0,,,0,36,,14860,0,,,0,76,,14861,0,,,0
