1100,'14cacc28-2982-4249-a540-ea9272e9dd35',831,,9813,11,,,0,100,,9822,11,,,0,100,,9821,11,,,0,100,,9825,11,,,0,100,,9814,11,,,0,100,,9817,11,,,0,100,,9826,11,,,0,100,,9816,11,,,0,100,,9815,11,,,0,100,,9823,11,,,0,100,,9812,11,,,0,100,,9818,11,,,0,100,,9824,11,,,0,100,,9819,11,,,0,100,,9820,11,,,0
1100,'4b878b9a-e140-4079-87b4-3f561c421168',731,,9843,11,,,0,70,,9846,11,,,0,30,,9837,11,,,0,70,,9848,11,,,0,30,,9850,11,,,0,70,,9851,11,,,0,30,,9855,11,,,0,70,,9839,11,,,0,30,,9834,11,,,0,70,,9827,11,,,0,30,,9852,11,,,0,70,,9838,11,,,0,30,,9840,11,,,0,70,,9841,11,,,0,30,,9856,11,,,0,70,,9854,11,,,0,30,,9849,11,,,0,70,,9832,11,,,0,30,,9833,11,,,0,70,,9835,11,,,0,30,,9830,11,,,0,70,,9836,11,,,0,30,,9853,11,,,0,70,,9831,11,,,0,30,,9857,11,,,0,70,,9828,11,,,0,30,,9829,11,,,0,70,,9847,11,,,0,30,,9842,11,,,0,70,,9845,11,,,0,100,,9844,11,,,0
1100,'749e498f-7e33-4303-8ce0-f7bae72749a0',831,,9859,11,,,0,100,,9866,11,,,0,100,,9868,11,,,0,100,,9858,11,,,0,100,,9862,11,,,0,100,,9860,11,,,0,100,,9869,11,,,0,100,,9871,11,,,0,100,,9861,11,,,0,100,,9865,11,,,0,100,,9870,11,,,0,100,,9863,11,,,0,100,,9864,11,,,0,100,,9872,11,,,0,100,,9867,11,,,0
1100,'834e95da-96c6-4b8b-ab15-3ce7b44514e1',501,,9885,11,,,0,100,,9881,11,,,0,30,,9894,11,,,0,70,,9880,11,,,0,30,,9905,11,,,0,70,,9903,11,,,0,30,,9907,11,,,0,70,,9895,11,,,0,30,,9888,11,,,0,70,,9874,11,,,0,30,,9893,11,,,0,70,,9886,11,,,0,30,,9876,11,,,0,70,,9879,11,,,0,30,,9884,11,,,0,70,,9896,11,,,0,30,,9877,11,,,0,71,,9897,11,,,0,30,,9900,11,,,0,70,,9883,11,,,0,30,,9898,11,,,0,69,,9890,11,,,0,30,,9902,11,,,0,70,,9875,11,,,0,31,,9887,11,,,0,70,,9889,11,,,0,29,,9899,11,,,0,70,,9882,11,,,0,30,,9906,11,,,0,70,,9892,11,,,0,30,,9901,11,,,0,70,,9878,11,,,0,30,,9873,11,,,0,70,,9904,11,,,0,100,,9891,11,,,0
10100,'14cacc28-2982-4249-a540-ea9272e9dd35',721,,10055,11,,,0,85,,10062,11,,,0,45,,10063,11,,,0,85,,10043,11,,,0,85,,10052,11,,,0,85,,10039,11,,,0,22,,10048,11,,,0,23,,10042,11,,,0,62,,10059,11,,,0,23,,10058,11,,,0,68,,10038,11,,,0,25,,10061,11,,,0,26,,10051,11,,,0,65,,10041,11,,,0,26,,10050,11,,,0,65,,10049,11,,,0,26,,10065,11,,,0,67,,10053,11,,,0,24,,10044,11,,,0,24,,10047,11,,,0,64,,10056,11,,,0,24,,10045,11,,,0,90,,10057,11,,,0,88,,10054,11,,,0,88,,10046,11,,,0,46,,10064,11,,,0,86,,10040,11,,,0,86,,10060,11,,,0
10100,'4b878b9a-e140-4079-87b4-3f561c421168',716,,10094,11,,,0,85,,10068,11,,,0,22,,10088,11,,,0,23,,10074,11,,,0,62,,10077,11,,,0,23,,10100,11,,,0,22,,10093,11,,,0,63,,10092,11,,,0,22,,10083,11,,,0,63,,10071,11,,,0,22,,10067,11,,,0,23,,10082,11,,,0,62,,10076,11,,,0,23,,10090,11,,,0,22,,10099,11,,,0,65,,10070,11,,,0,25,,10081,11,,,0,66,,10098,11,,,0,27,,10066,11,,,0,66,,10072,11,,,0,25,,10080,11,,,0,26,,10085,11,,,0,65,,10073,11,,,0,26,,10091,11,,,0,65,,10069,11,,,0,26,,10078,11,,,0,65,,10097,11,,,0,26,,10095,11,,,0,25,,10089,11,,,0,66,,10087,11,,,0,24,,10086,11,,,0,64,,10096,11,,,0,24,,10084,11,,,0,24,,10079,11,,,0,63,,10075,11,,,0,90,,10101,11,,,0
10100,'749e498f-7e33-4303-8ce0-f7bae72749a0',721,,10120,11,,,0,85,,10127,11,,,0,45,,10103,11,,,0,85,,10116,11,,,0,85,,10106,11,,,0,85,,10112,11,,,0,22,,10117,11,,,0,23,,10125,11,,,0,62,,10122,11,,,0,23,,10124,11,,,0,68,,10111,11,,,0,25,,10113,11,,,0,26,,10110,11,,,0,65,,10102,11,,,0,26,,10119,11,,,0,65,,10129,11,,,0,26,,10109,11,,,0,67,,10121,11,,,0,24,,10104,11,,,0,24,,10118,11,,,0,64,,10128,11,,,0,24,,10105,11,,,0,90,,10115,11,,,0,88,,10126,11,,,0,88,,10123,11,,,0,46,,10108,11,,,0,86,,10114,11,,,0,86,,10107,11,,,0
10100,'834e95da-96c6-4b8b-ab15-3ce7b44514e1',706,,10130,11,,,0,22,,10154,11,,,0,23,,10147,11,,,0,62,,10164,11,,,0,23,,10136,11,,,0,22,,10131,11,,,0,63,,10140,11,,,0,22,,10163,11,,,0,63,,10133,11,,,0,22,,10151,11,,,0,23,,10138,11,,,0,64,,10146,11,,,0,26,,10160,11,,,0,65,,10144,11,,,0,26,,10148,11,,,0,25,,10139,11,,,0,66,,10142,11,,,0,27,,10137,11,,,0,66,,10135,11,,,0,26,,10132,11,,,0,66,,10156,11,,,0,26,,10153,11,,,0,66,,10162,11,,,0,26,,10165,11,,,0,26,,10158,11,,,0,64,,10157,11,,,0,24,,10141,11,,,0,64,,10159,11,,,0,24,,10150,11,,,0,24,,10149,11,,,0,64,,10161,11,,,0,24,,10155,11,,,0,64,,10166,11,,,0,24,,10134,11,,,0,24,,10152,11,,,0,64,,10143,11,,,0,85,,10145,11,,,0
1000800,'14cacc28-2982-4249-a540-ea9272e9dd35',851,,10473,35,,,0,102,,10470,35,,,0,100,,10458,35,,,0,100,,10453,35,,,0,100,,10476,35,,,0,100,,10477,35,,,0,100,,10466,35,,,0,100,,10463,35,,,0,100,,10456,35,,,0,100,,10457,35,,,0,100,,10464,35,,,0,100,,10460,35,,,0,100,,10451,35,,,0
1000800,'4b878b9a-e140-4079-87b4-3f561c421168',651,,10505,11,,,0,70,,10495,11,,,0,30,,10513,129,,,0,72,,10479,280,,,0,30,,10509,280,,,0,70,,10492,280,,,0,30,,10490,280,,,0,70,,10501,280,,,0,30,,10478,280,,,0,70,,10480,280,,,0,30,,10491,280,,,0,70,,10507,280,,,0,30,,10502,280,,,0,70,,10496,280,,,0,30,,10504,280,,,0,70,,10506,280,,,0,30,,10500,280,,,0,70,,10487,280,,,0,30,,10508,280,,,0,70,,10499,280,,,0,30,,10503,280,,,0,72,,10486,280,,,0,30,,10483,280,,,0,70,,10498,280,,,0,30,,10481,280,,,0,98,,10493,280,,,0,100,,10485,35,,,0,99,,10482,35,,,0,100,,10497,35,,,0,100,,10510,35,,,0
1000800,'749e498f-7e33-4303-8ce0-f7bae72749a0',851,,10531,35,,,0,102,,10516,35,,,0,100,,10536,35,,,0,100,,10515,35,,,0,100,,10526,35,,,0,100,,10525,35,,,0,100,,10530,35,,,0,100,,10537,35,,,0,100,,10520,35,,,0,100,,10535,35,,,0,100,,10523,35,,,0,100,,10524,35,,,0,100,,10529,35,,,0
1000800,'834e95da-96c6-4b8b-ab15-3ce7b44514e1',521,,10547,129,,,0,30,,10561,129,,,0,70,,10545,280,,,0,30,,10572,280,,,0,70,,10571,280,,,0,30,,10562,280,,,0,72,,10581,241,,,0,30,,10544,280,,,0,70,,10546,280,,,0,30,,10569,280,,,0,70,,10550,280,,,0,30,,10549,280,,,0,70,,10548,280,,,0,30,,10567,280,,,0,70,,10565,280,,,0,30,,10559,280,,,0,70,,10542,280,,,0,30,,10554,280,,,0,70,,10558,280,,,0,30,,10560,280,,,0,70,,10576,241,,,0,30,,10563,280,,,0,70,,10552,280,,,0,30,,10551,280,,,0,72,,10574,280,,,0,30,,10556,280,,,0,70,,10579,280,,,0,30,,10575,280,,,0,98,,10557,280,,,0,100,,10553,35,,,0,98,,10573,35,,,0,100,,10568,35,,,0,104,,10570,35,,,0
