1000801,'00b4df37-9ead-4621-87b1-b10de39e7a53',943,,8753,143,,,0,103,,8761,143,,,0,100,,8757,143,,,0,99,,8760,143,,,0,100,,8754,143,,,0,100,,8765,143,,,0,100,,8759,143,,,0,102,,8755,143,,,0,101,,8764,143,,,0,96,,8758,143,,,0,100,,8763,143,,,0,100,,8756,143,,,0,100,,8762,126,,,0
1000801,'1f462966-7865-4a53-81e8-bf17edfc4a48',612,,8774,143,,,0,30,,8792,143,,,0,70,,8766,143,,,0,30,,8801,143,,,0,70,,8776,143,,,0,30,,8795,143,,,0,71,,8800,143,,,0,30,,8789,143,,,0,71,,8784,143,,,0,30,,8791,143,,,0,70,,8773,143,,,0,30,,8799,143,,,0,71,,8779,143,,,0,30,,8797,143,,,0,70,,8787,143,,,0,30,,8778,143,,,0,70,,8770,143,,,0,30,,8780,143,,,0,70,,8767,143,,,0,30,,8798,143,,,0,70,,8769,143,,,0,33,,8771,143,,,0,70,,8768,143,,,0,30,,8796,143,,,0,68,,8781,143,,,0,30,,8794,143,,,0,70,,8783,126,,,0,30,,8788,143,,,0,98,,8786,143,,,0,100,,8777,143,,,0,97,,8775,143,,,0,100,,8782,126,,,0,100,,8785,126,,,0
1000801,'750deb35-6d38-499c-8a21-680b50a42db7',943,,8811,143,,,0,103,,8814,143,,,0,100,,8804,143,,,0,99,,8810,143,,,0,100,,8815,143,,,0,100,,8803,143,,,0,100,,8809,143,,,0,102,,8807,143,,,0,101,,8808,143,,,0,96,,8812,143,,,0,100,,8802,143,,,0,100,,8813,143,,,0,100,,8806,126,,,0
1000801,'b8cf426a-e7c2-4b1e-a046-1a350c71ef6f',742,,8816,143,,,0,70,,8831,143,,,0,30,,8822,143,,,0,71,,8844,143,,,0,30,,8847,143,,,0,71,,8832,143,,,0,30,,8846,143,,,0,70,,8825,143,,,0,30,,8841,143,,,0,71,,8828,143,,,0,30,,8835,143,,,0,70,,8833,143,,,0,30,,8837,143,,,0,70,,8820,143,,,0,30,,8842,143,,,0,70,,8838,143,,,0,30,,8821,143,,,0,70,,8840,143,,,0,32,,8826,143,,,0,71,,8817,143,,,0,30,,8834,143,,,0,68,,8829,143,,,0,30,,8823,143,,,0,70,,8824,126,,,0,30,,8836,143,,,0,98,,8819,143,,,0,100,,8818,143,,,0,97,,8827,143,,,0,100,,8843,126,,,0,100,,8845,126,,,0
1000801,'eff94312-f97b-4885-9572-54f138618b00',943,,8857,143,,,0,103,,8856,143,,,0,100,,8859,143,,,0,99,,8852,143,,,0,100,,8854,143,,,0,100,,8855,143,,,0,100,,8850,143,,,0,102,,8858,143,,,0,101,,8853,143,,,0,96,,8851,143,,,0,100,,8860,143,,,0,100,,8849,143,,,0,100,,8861,126,,,0
2000700,'00b4df37-9ead-4621-87b1-b10de39e7a53',947,,9173,54,,,0,100,,9165,54,,,0,100,,9175,54,,,0,100,,9167,54,,,0,100,,9169,54,,,0,100,,9171,54,,,0,100,,9170,54,,,0,100,,9172,54,,,0,100,,9174,54,,,0,102,,9164,54,,,0,100,,9166,54,,,0,100,,9168,54,,,0
2000700,'1f462966-7865-4a53-81e8-bf17edfc4a48',547,,9187,54,,,0,70,,9179,54,,,0,30,,9207,54,,,0,70,,9192,54,,,0,31,,9199,54,,,0,68,,9181,54,,,0,32,,9177,54,,,0,68,,9193,54,,,0,31,,9189,54,,,0,70,,9185,54,,,0,30,,9202,54,,,0,70,,9209,54,,,0,30,,9204,54,,,0,70,,9186,54,,,0,30,,9191,54,,,0,70,,9188,54,,,0,30,,9196,54,,,0,70,,9190,54,,,0,31,,9184,54,,,0,70,,9180,54,,,0,30,,9195,54,,,0,70,,9194,54,,,0,30,,9183,54,,,0,70,,9205,54,,,0,28,,9203,54,,,0,70,,9206,54,,,0,32,,9198,54,,,0,70,,9208,54,,,0,32,,9197,54,,,0,98,,9178,54,,,0,98,,9200,54,,,0,96,,9182,54,,,0
2000700,'750deb35-6d38-499c-8a21-680b50a42db7',947,,9211,54,,,0,100,,9218,54,,,0,100,,9215,54,,,0,100,,9219,54,,,0,100,,9210,54,,,0,100,,9216,54,,,0,100,,9212,54,,,0,100,,9214,54,,,0,100,,9213,54,,,0,102,,9220,54,,,0,100,,9222,54,,,0,100,,9221,54,,,0
2000700,'b8cf426a-e7c2-4b1e-a046-1a350c71ef6f',647,,9249,54,,,0,70,,9230,54,,,0,31,,9251,54,,,0,70,,9231,54,,,0,30,,9235,54,,,0,70,,9233,54,,,0,29,,9245,54,,,0,70,,9250,54,,,0,30,,9246,54,,,0,70,,9238,54,,,0,30,,9253,54,,,0,70,,9223,54,,,0,30,,9243,54,,,0,70,,9234,54,,,0,30,,9236,54,,,0,70,,9247,54,,,0,30,,9232,54,,,0,70,,9241,54,,,0,30,,9225,54,,,0,70,,9239,54,,,0,30,,9237,54,,,0,70,,9228,54,,,0,30,,9224,54,,,0,70,,9240,54,,,0,32,,9248,54,,,0,70,,9227,54,,,0,30,,9242,54,,,0,100,,9226,54,,,0,96,,9252,54,,,0,100,,9229,54,,,0
2000700,'eff94312-f97b-4885-9572-54f138618b00',947,,9266,54,,,0,100,,9256,54,,,0,100,,9254,54,,,0,100,,9261,54,,,0,100,,9257,54,,,0,100,,9263,54,,,0,100,,9259,54,,,0,100,,9265,54,,,0,100,,9260,54,,,0,102,,9262,54,,,0,100,,9264,54,,,0,100,,9258,54,,,0
2001200,'00b4df37-9ead-4621-87b1-b10de39e7a53',822,,9534,44,,,0,100,,9537,44,,,0,100,,9539,44,,,0,100,,9527,44,,,0,103,,9528,44,,,0,109,,9531,44,,,0,100,,9538,44,,,0,110,,9535,44,,,0,100,,9540,44,,,0,110,,9529,44,,,0,100,,9533,44,,,0,100,,9532,44,,,0,100,,9530,44,,,0,102,,9536,44,,,0
2001200,'1f462966-7865-4a53-81e8-bf17edfc4a48',528,,9568,44,,,0,75,,9556,44,,,0,23,,9552,44,,,0,28,,9564,44,,,0,73,,9566,44,,,0,74,,9547,44,,,0,33,,9542,44,,,0,70,,9559,44,,,0,35,,9551,44,,,0,75,,9555,44,,,0,30,,9543,44,,,0,70,,9563,44,,,0,35,,9544,44,,,0,74,,9572,44,,,0,30,,9557,44,,,0,70,,9541,44,,,0,35,,9550,44,,,0,75,,9546,44,,,0,79,,9553,44,,,0,35,,9570,44,,,0,75,,9565,44,,,0,35,,9561,44,,,0,75,,9562,44,,,0,75,,9569,44,,,0,35,,9558,44,,,0,63,,9548,44,,,0,35,,9554,44,,,0,75,,9549,44,,,0,35,,9573,44,,,0,70,,9560,44,,,0,30,,9567,44,,,0,100,,9545,44,,,0,100,,9571,44,,,0
2001200,'750deb35-6d38-499c-8a21-680b50a42db7',822,,9582,44,,,0,100,,9586,44,,,0,100,,9575,44,,,0,100,,9577,44,,,0,103,,9580,44,,,0,109,,9578,44,,,0,100,,9579,44,,,0,110,,9583,44,,,0,100,,9581,44,,,0,110,,9585,44,,,0,100,,9584,44,,,0,100,,9587,44,,,0,100,,9576,44,,,0,102,,9574,44,,,0
2001200,'b8cf426a-e7c2-4b1e-a046-1a350c71ef6f',638,,9608,44,,,0,70,,9615,44,,,0,30,,9610,44,,,0,68,,9588,44,,,0,30,,9604,44,,,0,70,,9614,44,,,0,30,,9591,44,,,0,70,,9617,44,,,0,33,,9595,44,,,0,70,,9618,44,,,0,30,,9601,44,,,0,84,,9602,44,,,0,30,,9589,44,,,0,70,,9597,44,,,0,30,,9607,44,,,0,79,,9606,44,,,0,70,,9613,44,,,0,30,,9611,44,,,0,70,,9590,44,,,0,40,,9598,44,,,0,70,,9603,44,,,0,30,,9612,44,,,0,70,,9594,44,,,0,40,,9596,44,,,0,70,,9592,44,,,0,30,,9605,44,,,0,70,,9609,44,,,0,30,,9619,44,,,0,70,,9593,44,,,0,30,,9616,44,,,0,100,,9600,44,,,0,100,,9599,44,,,0
2001200,'eff94312-f97b-4885-9572-54f138618b00',822,,9630,44,,,0,100,,9623,44,,,0,100,,9626,44,,,0,100,,9624,44,,,0,103,,9632,44,,,0,109,,9627,44,,,0,100,,9633,44,,,0,110,,9629,44,,,0,100,,9628,44,,,0,110,,9620,44,,,0,100,,9622,44,,,0,100,,9621,44,,,0,100,,9625,44,,,0,102,,9631,44,,,0
