10100,'00b4df37-9ead-4621-87b1-b10de39e7a53',755,,8141,145,,,0,85,,8136,145,,,0,85,,8139,145,,,0,85,,8128,145,,,0,45,,8120,145,,,0,85,,8121,145,,,0,62,,8133,145,,,0,23,,8143,145,,,0,28,,8124,145,,,0,63,,8135,145,,,0,28,,8147,145,,,0,65,,8134,145,,,0,26,,8123,145,,,0,65,,8144,145,,,0,26,,8127,145,,,0,25,,8145,145,,,0,66,,8140,145,,,0,24,,8130,145,,,0,64,,8126,145,,,0,24,,8129,145,,,0,24,,8131,145,,,0,64,,8142,145,,,0,90,,8137,145,,,0,48,,8132,145,,,0,86,,8146,145,,,0,86,,8138,145,,,0,86,,8125,145,,,0,46,,8122,145,,,0
10100,'1f462966-7865-4a53-81e8-bf17edfc4a48',740,,8157,145,,,0,62,,8150,145,,,0,23,,8154,145,,,0,22,,8174,145,,,0,63,,8153,145,,,0,22,,8182,145,,,0,23,,8177,145,,,0,62,,8167,145,,,0,23,,8178,145,,,0,62,,8161,145,,,0,29,,8181,145,,,0,24,,8155,145,,,0,66,,8176,145,,,0,25,,8184,145,,,0,66,,8160,145,,,0,25,,8169,145,,,0,66,,8180,145,,,0,27,,8159,145,,,0,27,,8166,145,,,0,66,,8158,145,,,0,26,,8164,145,,,0,66,,8163,145,,,0,26,,8165,145,,,0,62,,8183,145,,,0,26,,8173,145,,,0,24,,8179,145,,,0,64,,8172,145,,,0,24,,8152,145,,,0,64,,8151,145,,,0,24,,8148,145,,,0,24,,8168,145,,,0,64,,8170,145,,,0,24,,8149,145,,,0,62,,8156,145,,,0,24,,8171,145,,,0,24,,8175,145,,,0,85,,8162,145,,,0
10100,'750deb35-6d38-499c-8a21-680b50a42db7',755,,8201,145,,,0,85,,8186,145,,,0,85,,8200,145,,,0,85,,8185,145,,,0,45,,8188,145,,,0,85,,8195,145,,,0,62,,8193,145,,,0,23,,8190,145,,,0,28,,8203,145,,,0,63,,8199,145,,,0,28,,8210,145,,,0,65,,8197,145,,,0,26,,8202,145,,,0,65,,8198,145,,,0,26,,8212,145,,,0,25,,8206,145,,,0,66,,8205,145,,,0,24,,8189,145,,,0,64,,8194,145,,,0,24,,8196,145,,,0,24,,8204,145,,,0,64,,8211,145,,,0,90,,8192,145,,,0,48,,8187,145,,,0,86,,8207,145,,,0,86,,8191,145,,,0,86,,8208,145,,,0,46,,8209,145,,,0
10100,'b8cf426a-e7c2-4b1e-a046-1a350c71ef6f',750,,8223,145,,,0,85,,8235,145,,,0,22,,8233,145,,,0,63,,8227,145,,,0,22,,8229,145,,,0,63,,8242,145,,,0,22,,8239,145,,,0,23,,8216,145,,,0,62,,8243,145,,,0,23,,8232,145,,,0,22,,8238,145,,,0,63,,8224,145,,,0,22,,8228,145,,,0,63,,8244,145,,,0,28,,8245,145,,,0,25,,8215,145,,,0,65,,8213,145,,,0,26,,8240,145,,,0,67,,8214,145,,,0,26,,8246,145,,,0,65,,8234,145,,,0,26,,8226,145,,,0,25,,8225,145,,,0,66,,8236,145,,,0,25,,8241,145,,,0,66,,8248,145,,,0,25,,8220,145,,,0,66,,8218,145,,,0,22,,8231,145,,,0,26,,8219,145,,,0,64,,8221,145,,,0,24,,8247,145,,,0,62,,8217,145,,,0,24,,8230,145,,,0,23,,8222,145,,,0,90,,8237,145,,,0
10100,'eff94312-f97b-4885-9572-54f138618b00',755,,8251,145,,,0,85,,8250,145,,,0,85,,8275,145,,,0,85,,8273,145,,,0,45,,8271,145,,,0,85,,8258,145,,,0,62,,8257,145,,,0,23,,8253,145,,,0,28,,8270,145,,,0,63,,8255,145,,,0,28,,8268,145,,,0,65,,8267,145,,,0,26,,8259,145,,,0,65,,8276,145,,,0,26,,8260,145,,,0,25,,8262,145,,,0,66,,8256,145,,,0,24,,8254,145,,,0,64,,8274,145,,,0,24,,8269,145,,,0,24,,8252,145,,,0,64,,8249,145,,,0,90,,8272,145,,,0,48,,8263,145,,,0,86,,8264,145,,,0,86,,8265,145,,,0,86,,8266,145,,,0,46,,8261,145,,,0
2000700,'00b4df37-9ead-4621-87b1-b10de39e7a53',937,,9173,25,,,0,100,,9165,25,,,0,100,,9175,25,,,0,100,,9167,25,,,0,100,,9169,25,,,0,100,,9171,25,,,0,100,,9170,25,,,0,100,,9172,25,,,0,100,,9174,25,,,0,102,,9164,25,,,0,100,,9166,25,,,0,100,,9168,25,,,0,98,,9176,24,,,0
2000700,'1f462966-7865-4a53-81e8-bf17edfc4a48',539,,9187,25,,,0,70,,9179,25,,,0,30,,9207,25,,,0,70,,9192,25,,,0,30,,9199,25,,,0,65,,9181,25,,,0,35,,9177,25,,,0,65,,9193,25,,,0,33,,9189,25,,,0,70,,9185,25,,,0,30,,9202,25,,,0,70,,9209,25,,,0,30,,9204,25,,,0,70,,9186,25,,,0,30,,9191,25,,,0,70,,9188,25,,,0,30,,9196,25,,,0,70,,9190,25,,,0,31,,9184,25,,,0,70,,9180,25,,,0,30,,9195,25,,,0,70,,9194,25,,,0,30,,9183,25,,,0,70,,9205,25,,,0,28,,9203,25,,,0,70,,9206,25,,,0,32,,9198,25,,,0,70,,9208,25,,,0,32,,9197,25,,,0,98,,9178,25,,,0,100,,9200,25,,,0,96,,9182,25,,,0,104,,9201,24,,,0
2000700,'750deb35-6d38-499c-8a21-680b50a42db7',937,,9211,25,,,0,100,,9218,25,,,0,100,,9215,25,,,0,100,,9219,25,,,0,100,,9210,25,,,0,100,,9216,25,,,0,100,,9212,25,,,0,100,,9214,25,,,0,100,,9213,25,,,0,102,,9220,25,,,0,100,,9222,25,,,0,100,,9221,25,,,0,98,,9217,24,,,0
2000700,'b8cf426a-e7c2-4b1e-a046-1a350c71ef6f',639,,9249,25,,,0,70,,9230,25,,,0,30,,9251,25,,,0,70,,9231,25,,,0,30,,9235,25,,,0,70,,9233,25,,,0,28,,9245,25,,,0,70,,9250,25,,,0,30,,9246,25,,,0,70,,9238,25,,,0,30,,9253,25,,,0,70,,9223,25,,,0,30,,9243,25,,,0,70,,9234,25,,,0,30,,9236,25,,,0,70,,9247,25,,,0,30,,9232,25,,,0,70,,9241,25,,,0,30,,9225,25,,,0,70,,9239,25,,,0,30,,9237,25,,,0,70,,9228,25,,,0,30,,9224,25,,,0,70,,9240,25,,,0,32,,9248,25,,,0,70,,9227,25,,,0,30,,9242,25,,,0,100,,9226,25,,,0,98,,9252,25,,,0,100,,9229,25,,,0,100,,9244,24,,,0
2000700,'eff94312-f97b-4885-9572-54f138618b00',937,,9266,25,,,0,100,,9256,25,,,0,100,,9254,25,,,0,100,,9261,25,,,0,100,,9257,25,,,0,100,,9263,25,,,0,100,,9259,25,,,0,100,,9265,25,,,0,100,,9260,25,,,0,102,,9262,25,,,0,100,,9264,25,,,0,100,,9258,25,,,0,98,,9255,24,,,0
2001200,'00b4df37-9ead-4621-87b1-b10de39e7a53',812,,9534,17,,,0,100,,9537,17,,,0,100,,9539,17,,,0,100,,9527,17,,,0,103,,9528,17,,,0,107,,9531,17,,,0,100,,9538,17,,,0,110,,9535,17,,,0,100,,9540,17,,,0,110,,9529,17,,,0,100,,9533,17,,,0,101,,9532,17,,,0,100,,9530,17,,,0,102,,9536,17,,,0
2001200,'1f462966-7865-4a53-81e8-bf17edfc4a48',518,,9568,17,,,0,35,,9556,17,,,0,60,,9552,17,,,0,29,,9564,17,,,0,72,,9566,17,,,0,34,,9547,17,,,0,73,,9542,17,,,0,30,,9559,17,,,0,75,,9551,17,,,0,75,,9555,17,,,0,30,,9543,17,,,0,70,,9563,17,,,0,35,,9544,17,,,0,76,,9572,17,,,0,30,,9557,17,,,0,70,,9541,17,,,0,35,,9550,17,,,0,75,,9546,17,,,0,36,,9553,17,,,0,75,,9570,17,,,0,75,,9565,17,,,0,35,,9561,17,,,0,75,,9562,17,,,0,35,,9569,17,,,0,75,,9558,17,,,0,25,,9548,17,,,0,75,,9554,17,,,0,75,,9549,17,,,0,35,,9573,17,,,0,70,,9560,17,,,0,30,,9567,17,,,0,100,,9545,17,,,0,100,,9571,17,,,0
2001200,'750deb35-6d38-499c-8a21-680b50a42db7',812,,9582,17,,,0,100,,9586,17,,,0,100,,9575,17,,,0,100,,9577,17,,,0,103,,9580,17,,,0,107,,9578,17,,,0,100,,9579,17,,,0,110,,9583,17,,,0,100,,9581,17,,,0,110,,9585,17,,,0,100,,9584,17,,,0,101,,9587,17,,,0,100,,9576,17,,,0,102,,9574,17,,,0
2001200,'b8cf426a-e7c2-4b1e-a046-1a350c71ef6f',625,,9608,17,,,0,30,,9615,17,,,0,70,,9610,17,,,0,31,,9588,17,,,0,70,,9604,17,,,0,30,,9614,17,,,0,70,,9591,17,,,0,30,,9617,17,,,0,73,,9595,17,,,0,30,,9618,17,,,0,70,,9601,17,,,0,82,,9602,17,,,0,30,,9589,17,,,0,70,,9597,17,,,0,30,,9607,17,,,0,79,,9606,17,,,0,30,,9613,17,,,0,70,,9611,17,,,0,30,,9590,17,,,0,80,,9598,17,,,0,70,,9603,17,,,0,30,,9612,17,,,0,70,,9594,17,,,0,41,,9596,17,,,0,70,,9592,17,,,0,30,,9605,17,,,0,70,,9609,17,,,0,30,,9619,17,,,0,70,,9593,17,,,0,30,,9616,17,,,0,100,,9600,17,,,0,100,,9599,17,,,0
2001200,'eff94312-f97b-4885-9572-54f138618b00',812,,9630,17,,,0,100,,9623,17,,,0,100,,9626,17,,,0,100,,9624,17,,,0,103,,9632,17,,,0,107,,9627,17,,,0,100,,9633,17,,,0,110,,9629,17,,,0,100,,9628,17,,,0,110,,9620,17,,,0,100,,9622,17,,,0,101,,9621,17,,,0,100,,9625,17,,,0,102,,9631,17,,,0
