2000200,'13805ebc-bea4-4dd3-bd3f-9c5e4ab438b0',720,,14285,143,,,0,30,,14292,143,,,0,70,,14309,143,,,0,30,,14297,143,,,0,70,,14313,143,,,0,30,,14300,143,,,0,70,,14308,143,,,0,30,,14305,143,,,0,70,,14302,143,,,0,30,,14303,143,,,0,70,,14306,143,,,0,32,,14296,143,,,0,70,,14291,143,,,0,30,,14288,143,,,0,70,,14298,143,,,0,30,,14311,143,,,0,70,,14289,143,,,0,30,,14290,143,,,0,70,,14312,143,,,0,30,,14310,143,,,0,70,,14295,143,,,0,30,,14287,143,,,0,70,,14286,143,,,0,30,,14304,143,,,0,70,,14294,143,,,0,28,,14293,143,,,0,70,,14284,143,,,0,100,,14299,143,,,0,29,,14301,143,,,0,100,,14307,143,,,0
2000200,'5b663066-968d-4dfa-a248-00bf0b9579fb',622,,14333,143,,,0,30,,14336,143,,,0,70,,14315,143,,,0,30,,14330,143,,,0,70,,14325,143,,,0,30,,14340,143,,,0,70,,14331,143,,,0,30,,14329,143,,,0,70,,14324,143,,,0,30,,14344,143,,,0,70,,14334,143,,,0,32,,14323,143,,,0,70,,14337,143,,,0,30,,14317,143,,,0,70,,14326,143,,,0,30,,14342,143,,,0,70,,14322,143,,,0,30,,14320,143,,,0,69,,14335,143,,,0,30,,14332,143,,,0,70,,14321,143,,,0,30,,14314,143,,,0,70,,14343,143,,,0,30,,14345,143,,,0,70,,14318,143,,,0,27,,14339,143,,,0,70,,14341,143,,,0,30,,14328,143,,,0,70,,14327,143,,,0,100,,14319,143,,,0,30,,14316,143,,,0,100,,14338,143,,,0
2000200,'6d401a22-fb9c-477c-accf-7b1543647ca1',920,,14356,143,,,0,100,,14362,143,,,0,30,,14350,143,,,0,100,,14357,143,,,0,72,,14351,143,,,0,100,,14358,143,,,0,30,,14347,143,,,0,100,,14363,143,,,0,70,,14355,143,,,0,100,,14360,143,,,0,30,,14346,143,,,0,100,,14361,143,,,0,70,,14349,143,,,0,98,,14354,143,,,0,30,,14353,143,,,0,100,,14359,143,,,0,69,,14348,143,,,0,100,,14352,143,,,0
2000200,'f60b9e5b-38dd-4def-ac17-8354041fa0cb',920,,14373,143,,,0,100,,14368,143,,,0,30,,14364,143,,,0,100,,14380,143,,,0,72,,14372,143,,,0,100,,14381,143,,,0,30,,14370,143,,,0,100,,14377,143,,,0,70,,14378,143,,,0,100,,14371,143,,,0,30,,14366,143,,,0,100,,14369,143,,,0,70,,14375,143,,,0,98,,14367,143,,,0,30,,14365,143,,,0,100,,14379,143,,,0,69,,14374,143,,,0,100,,14376,143,,,0
2000700,'13805ebc-bea4-4dd3-bd3f-9c5e4ab438b0',723,,14404,181,,,0,30,,14407,181,,,0,72,,14396,181,,,0,30,,14401,181,,,0,70,,14405,181,,,0,30,,14399,181,,,0,69,,14389,181,,,0,30,,14394,181,,,0,70,,14386,181,,,0,30,,14382,181,,,0,70,,14406,181,,,0,30,,14410,181,,,0,70,,14411,181,,,0,30,,14397,181,,,0,70,,14384,181,,,0,30,,14385,181,,,0,70,,14383,181,,,0,30,,14395,181,,,0,70,,14408,181,,,0,30,,14398,181,,,0,70,,14409,181,,,0,30,,14390,181,,,0,70,,14391,181,,,0,30,,14402,181,,,0,72,,14393,181,,,0,30,,14403,181,,,0,70,,14400,181,,,0,100,,14387,181,,,0,94,,14392,181,,,0,102,,14412,181,,,0
2000700,'5b663066-968d-4dfa-a248-00bf0b9579fb',623,,14432,181,,,0,30,,14419,181,,,0,70,,14442,181,,,0,30,,14420,181,,,0,72,,14439,181,,,0,28,,14440,181,,,0,72,,14415,181,,,0,28,,14425,181,,,0,71,,14435,181,,,0,30,,14428,181,,,0,70,,14421,181,,,0,30,,14417,181,,,0,70,,14443,181,,,0,30,,14431,181,,,0,70,,14444,181,,,0,30,,14437,181,,,0,72,,14445,181,,,0,28,,14429,181,,,0,70,,14438,181,,,0,30,,14441,181,,,0,70,,14433,181,,,0,30,,14434,181,,,0,70,,14418,181,,,0,30,,14422,181,,,0,69,,14414,181,,,0,30,,14426,181,,,0,72,,14416,181,,,0,30,,14413,181,,,0,72,,14430,181,,,0,98,,14436,181,,,0,98,,14423,181,,,0,96,,14424,181,,,0
2000700,'6d401a22-fb9c-477c-accf-7b1543647ca1',1024,,14458,181,,,0,100,,14447,181,,,0,100,,14453,181,,,0,100,,14454,181,,,0,100,,14450,181,,,0,100,,14446,181,,,0,100,,14452,181,,,0,100,,14457,181,,,0,100,,14455,181,,,0,102,,14456,181,,,0,100,,14449,181,,,0,100,,14451,181,,,0
2000700,'f60b9e5b-38dd-4def-ac17-8354041fa0cb',1024,,14464,181,,,0,100,,14471,181,,,0,100,,14466,181,,,0,100,,14461,181,,,0,100,,14459,181,,,0,100,,14460,181,,,0,100,,14465,181,,,0,100,,14468,181,,,0,100,,14467,181,,,0,102,,14462,181,,,0,100,,14463,181,,,0,100,,14470,181,,,0
2000801,'13805ebc-bea4-4dd3-bd3f-9c5e4ab438b0',718,,14605,126,,,0,30,,14609,126,,,0,70,,14607,247,,,0,31,,14612,247,,,0,70,,14608,247,,,0,29,,14624,247,,,0,70,,14615,247,,,0,33,,14616,247,,,0,70,,14618,247,,,0,30,,14617,247,,,0,70,,14599,247,,,0,31,,14625,247,,,0,70,,14611,247,,,0,30,,14629,247,,,0,70,,14604,247,,,0,30,,14628,247,,,0,70,,14602,247,,,0,30,,14600,247,,,0,70,,14623,247,,,0,30,,14613,247,,,0,72,,14614,247,,,0,31,,14603,247,,,0,69,,14621,247,,,0,28,,14610,247,,,0,101,,14626,247,,,0,100,,14622,247,,,0,95,,14620,247,,,0,100,,14606,247,,,0,100,,14619,247,,,0
2000801,'5b663066-968d-4dfa-a248-00bf0b9579fb',527,,14646,126,,,0,100,,14647,126,,,0,21,,14634,247,,,0,70,,14652,247,,,0,30,,14660,201,,,0,70,,14657,247,,,0,31,,14631,247,,,0,70,,14638,247,,,0,29,,14663,247,,,0,70,,14655,247,,,0,31,,14659,247,,,0,72,,14656,247,,,0,30,,14637,247,,,0,70,,14645,247,,,0,31,,14644,247,,,0,70,,14632,247,,,0,30,,14640,247,,,0,70,,14633,247,,,0,30,,14635,201,,,0,73,,14654,247,,,0,30,,14639,247,,,0,70,,14649,247,,,0,30,,14658,247,,,0,71,,14636,247,,,0,31,,14642,247,,,0,67,,14650,247,,,0,28,,14661,247,,,0,101,,14662,247,,,0,100,,14641,247,,,0,95,,14648,247,,,0,100,,14643,247,,,0,100,,14651,247,,,0
2000801,'6d401a22-fb9c-477c-accf-7b1543647ca1',951,,14675,126,,,0,100,,14672,247,,,0,100,,14676,247,,,0,100,,14673,247,,,0,100,,14665,247,,,0,100,,14667,247,,,0,100,,14670,247,,,0,100,,14666,247,,,0,96,,14671,247,,,0,100,,14669,247,,,0,100,,14664,247,,,0,99,,14674,247,,,0,100,,14668,247,,,0
2000801,'f60b9e5b-38dd-4def-ac17-8354041fa0cb',951,,14687,126,,,0,100,,14683,247,,,0,100,,14682,247,,,0,100,,14678,247,,,0,100,,14685,247,,,0,100,,14691,247,,,0,100,,14684,247,,,0,100,,14690,247,,,0,96,,14679,247,,,0,100,,14688,247,,,0,100,,14686,247,,,0,99,,14689,247,,,0,100,,14680,247,,,0
