1100,'00b4df37-9ead-4621-87b1-b10de39e7a53',924,,7865,253,,,0,101,,7853,253,,,0,100,,7856,253,,,0,100,,7854,253,,,0,100,,7851,253,,,0,100,,7859,253,,,0,100,,7863,253,,,0,100,,7858,253,,,0,100,,7864,253,,,0,99,,7861,253,,,0,100,,7855,253,,,0,100,,7860,253,,,0,100,,7857,253,,,0,100,,7852,253,,,0,100,,7862,253,,,0
1100,'1f462966-7865-4a53-81e8-bf17edfc4a48',554,,7869,253,,,0,100,,7878,253,,,0,71,,7893,253,,,0,30,,7887,253,,,0,70,,7884,253,,,0,30,,7882,253,,,0,70,,7876,253,,,0,30,,7872,253,,,0,70,,7891,253,,,0,30,,7899,253,,,0,70,,7870,253,,,0,30,,7889,253,,,0,70,,7880,253,,,0,30,,7866,253,,,0,70,,7892,253,,,0,30,,7897,253,,,0,70,,7894,253,,,0,31,,7871,253,,,0,70,,7896,253,,,0,30,,7885,253,,,0,70,,7874,253,,,0,29,,7888,253,,,0,70,,7890,253,,,0,29,,7886,253,,,0,70,,7900,253,,,0,30,,7873,253,,,0,70,,7867,253,,,0,30,,7895,253,,,0,70,,7881,253,,,0,30,,7883,253,,,0,70,,7877,253,,,0,30,,7898,253,,,0,70,,7879,253,,,0,30,,7868,253,,,0,100,,7875,253,,,0
1100,'750deb35-6d38-499c-8a21-680b50a42db7',924,,7908,253,,,0,101,,7910,253,,,0,100,,7912,253,,,0,100,,7911,253,,,0,100,,7909,253,,,0,100,,7904,253,,,0,100,,7902,253,,,0,100,,7915,253,,,0,100,,7901,253,,,0,99,,7907,253,,,0,100,,7906,253,,,0,100,,7903,253,,,0,100,,7905,253,,,0,100,,7914,253,,,0,100,,7913,253,,,0
1100,'b8cf426a-e7c2-4b1e-a046-1a350c71ef6f',824,,7932,253,,,0,31,,7921,253,,,0,70,,7941,253,,,0,30,,7943,253,,,0,70,,7942,253,,,0,30,,7940,253,,,0,70,,7937,253,,,0,30,,7924,253,,,0,70,,7930,253,,,0,30,,7946,253,,,0,70,,7919,253,,,0,30,,7933,253,,,0,70,,7920,253,,,0,30,,7916,253,,,0,70,,7923,253,,,0,30,,7935,253,,,0,70,,7939,253,,,0,30,,7918,253,,,0,70,,7927,253,,,0,29,,7944,253,,,0,70,,7936,253,,,0,30,,7929,253,,,0,70,,7945,253,,,0,30,,7938,253,,,0,70,,7928,253,,,0,30,,7926,253,,,0,70,,7931,253,,,0,30,,7934,253,,,0,70,,7922,253,,,0,30,,7917,253,,,0,100,,7925,253,,,0
1100,'eff94312-f97b-4885-9572-54f138618b00',924,,7956,253,,,0,101,,7951,253,,,0,100,,7961,253,,,0,100,,7950,253,,,0,100,,7958,253,,,0,100,,7955,253,,,0,100,,7959,253,,,0,100,,7957,253,,,0,100,,7952,253,,,0,99,,7954,253,,,0,100,,7960,253,,,0,100,,7947,253,,,0,100,,7949,253,,,0,100,,7948,253,,,0,100,,7953,253,,,0
10100,'00b4df37-9ead-4621-87b1-b10de39e7a53',758,,8141,152,,,0,85,,8136,152,,,0,85,,8139,152,,,0,85,,8128,152,,,0,45,,8120,152,,,0,85,,8121,152,,,0,62,,8133,152,,,0,23,,8143,152,,,0,28,,8124,152,,,0,63,,8135,152,,,0,28,,8147,152,,,0,65,,8134,152,,,0,26,,8123,152,,,0,65,,8144,152,,,0,26,,8127,152,,,0,25,,8145,152,,,0,66,,8140,152,,,0,24,,8130,152,,,0,64,,8126,152,,,0,24,,8129,152,,,0,24,,8131,152,,,0,64,,8142,152,,,0,90,,8137,152,,,0,48,,8132,152,,,0,86,,8146,152,,,0,86,,8138,152,,,0,86,,8125,152,,,0,86,,8122,152,,,0
10100,'1f462966-7865-4a53-81e8-bf17edfc4a48',743,,8157,152,,,0,62,,8150,152,,,0,23,,8154,152,,,0,22,,8174,152,,,0,63,,8153,152,,,0,22,,8182,152,,,0,23,,8177,152,,,0,62,,8167,152,,,0,23,,8178,152,,,0,62,,8161,152,,,0,29,,8181,152,,,0,24,,8155,152,,,0,66,,8176,152,,,0,25,,8184,152,,,0,66,,8160,152,,,0,25,,8169,152,,,0,66,,8180,152,,,0,27,,8159,152,,,0,67,,8166,152,,,0,26,,8158,152,,,0,26,,8164,152,,,0,66,,8163,152,,,0,26,,8165,152,,,0,62,,8183,152,,,0,26,,8173,152,,,0,24,,8179,152,,,0,64,,8172,152,,,0,24,,8152,152,,,0,64,,8151,152,,,0,24,,8148,152,,,0,24,,8168,152,,,0,64,,8170,152,,,0,24,,8149,152,,,0,62,,8156,152,,,0,24,,8171,152,,,0,24,,8175,152,,,0,85,,8162,152,,,0
10100,'750deb35-6d38-499c-8a21-680b50a42db7',758,,8201,152,,,0,85,,8186,152,,,0,85,,8200,152,,,0,85,,8185,152,,,0,45,,8188,152,,,0,85,,8195,152,,,0,62,,8193,152,,,0,23,,8190,152,,,0,28,,8203,152,,,0,63,,8199,152,,,0,28,,8210,152,,,0,65,,8197,152,,,0,26,,8202,152,,,0,65,,8198,152,,,0,26,,8212,152,,,0,25,,8206,152,,,0,66,,8205,152,,,0,24,,8189,152,,,0,64,,8194,152,,,0,24,,8196,152,,,0,24,,8204,152,,,0,64,,8211,152,,,0,90,,8192,152,,,0,48,,8187,152,,,0,86,,8207,152,,,0,86,,8191,152,,,0,86,,8208,152,,,0,86,,8209,152,,,0
10100,'b8cf426a-e7c2-4b1e-a046-1a350c71ef6f',753,,8223,152,,,0,85,,8235,152,,,0,62,,8233,152,,,0,23,,8227,152,,,0,22,,8229,152,,,0,63,,8242,152,,,0,22,,8239,152,,,0,23,,8216,152,,,0,62,,8243,152,,,0,23,,8232,152,,,0,62,,8238,152,,,0,23,,8224,152,,,0,22,,8228,152,,,0,63,,8244,152,,,0,28,,8245,152,,,0,65,,8215,152,,,0,25,,8213,152,,,0,26,,8240,152,,,0,67,,8214,152,,,0,26,,8246,152,,,0,65,,8234,152,,,0,26,,8226,152,,,0,65,,8225,152,,,0,26,,8236,152,,,0,25,,8241,152,,,0,66,,8248,152,,,0,25,,8220,152,,,0,66,,8218,152,,,0,22,,8231,152,,,0,26,,8219,152,,,0,64,,8221,152,,,0,24,,8247,152,,,0,62,,8217,152,,,0,24,,8230,152,,,0,23,,8222,152,,,0,90,,8237,152,,,0
10100,'eff94312-f97b-4885-9572-54f138618b00',758,,8251,152,,,0,85,,8250,152,,,0,85,,8275,152,,,0,85,,8273,152,,,0,45,,8271,152,,,0,85,,8258,152,,,0,62,,8257,152,,,0,23,,8253,152,,,0,28,,8270,152,,,0,63,,8255,152,,,0,28,,8268,152,,,0,65,,8267,152,,,0,26,,8259,152,,,0,65,,8276,152,,,0,26,,8260,152,,,0,25,,8262,152,,,0,66,,8256,152,,,0,24,,8254,152,,,0,64,,8274,152,,,0,24,,8269,152,,,0,24,,8252,152,,,0,64,,8249,152,,,0,90,,8272,152,,,0,48,,8263,152,,,0,86,,8264,152,,,0,86,,8265,152,,,0,86,,8266,152,,,0,86,,8261,152,,,0
2000700,'00b4df37-9ead-4621-87b1-b10de39e7a53',940,,9173,36,,,0,100,,9165,36,,,0,100,,9175,36,,,0,100,,9167,36,,,0,100,,9169,36,,,0,100,,9171,36,,,0,100,,9170,36,,,0,100,,9172,36,,,0,100,,9174,36,,,0,102,,9164,36,,,0,100,,9166,36,,,0,100,,9168,36,,,0,97,,9176,33,,,0
2000700,'1f462966-7865-4a53-81e8-bf17edfc4a48',542,,9187,36,,,0,70,,9179,36,,,0,30,,9207,36,,,0,70,,9192,36,,,0,29,,9199,36,,,0,65,,9181,36,,,0,35,,9177,36,,,0,65,,9193,36,,,0,34,,9189,36,,,0,70,,9185,36,,,0,30,,9202,36,,,0,70,,9209,36,,,0,30,,9204,36,,,0,70,,9186,36,,,0,30,,9191,36,,,0,70,,9188,36,,,0,30,,9196,36,,,0,70,,9190,36,,,0,30,,9184,36,,,0,70,,9180,36,,,0,30,,9195,36,,,0,70,,9194,36,,,0,30,,9183,36,,,0,70,,9205,36,,,0,29,,9203,36,,,0,70,,9206,36,,,0,32,,9198,36,,,0,70,,9208,36,,,0,32,,9197,36,,,0,98,,9178,36,,,0,99,,9200,36,,,0,96,,9182,36,,,0,104,,9201,33,,,0
2000700,'750deb35-6d38-499c-8a21-680b50a42db7',940,,9211,36,,,0,100,,9218,36,,,0,100,,9215,36,,,0,100,,9219,36,,,0,100,,9210,36,,,0,100,,9216,36,,,0,100,,9212,36,,,0,100,,9214,36,,,0,100,,9213,36,,,0,102,,9220,36,,,0,100,,9222,36,,,0,100,,9221,36,,,0,97,,9217,33,,,0
2000700,'b8cf426a-e7c2-4b1e-a046-1a350c71ef6f',642,,9249,36,,,0,70,,9230,36,,,0,29,,9251,36,,,0,70,,9231,36,,,0,30,,9235,36,,,0,70,,9233,36,,,0,29,,9245,36,,,0,70,,9250,36,,,0,30,,9246,36,,,0,70,,9238,36,,,0,30,,9253,36,,,0,70,,9223,36,,,0,30,,9243,36,,,0,70,,9234,36,,,0,30,,9236,36,,,0,70,,9247,36,,,0,30,,9232,36,,,0,70,,9241,36,,,0,30,,9225,36,,,0,70,,9239,36,,,0,30,,9237,36,,,0,70,,9228,36,,,0,30,,9224,36,,,0,70,,9240,36,,,0,31,,9248,36,,,0,71,,9227,36,,,0,30,,9242,36,,,0,100,,9226,36,,,0,97,,9252,36,,,0,100,,9229,36,,,0,100,,9244,33,,,0
2000700,'eff94312-f97b-4885-9572-54f138618b00',940,,9266,36,,,0,100,,9256,36,,,0,100,,9254,36,,,0,100,,9261,36,,,0,100,,9257,36,,,0,100,,9263,36,,,0,100,,9259,36,,,0,100,,9265,36,,,0,100,,9260,36,,,0,102,,9262,36,,,0,100,,9264,36,,,0,100,,9258,36,,,0,97,,9255,33,,,0
2000801,'00b4df37-9ead-4621-87b1-b10de39e7a53',1006,,9424,113,,,0,101,,9433,113,,,0,100,,9422,113,,,0,100,,9420,113,,,0,100,,9426,113,,,0,100,,9425,113,,,0,100,,9431,113,,,0,98,,9429,113,,,0,100,,9423,113,,,0,100,,9428,113,,,0,98,,9427,113,,,0,100,,9421,113,,,0,100,,9430,89,,,0
2000801,'1f462966-7865-4a53-81e8-bf17edfc4a48',606,,9463,113,,,0,30,,9455,113,,,0,70,,9458,78,,,0,30,,9440,113,,,0,70,,9442,113,,,0,30,,9441,113,,,0,70,,9443,113,,,0,30,,9456,113,,,0,71,,9462,113,,,0,30,,9445,113,,,0,70,,9438,113,,,0,30,,9466,113,,,0,70,,9461,113,,,0,30,,9434,113,,,0,70,,9452,113,,,0,30,,9444,113,,,0,70,,9437,78,,,0,31,,9459,113,,,0,70,,9454,113,,,0,30,,9449,113,,,0,70,,9453,113,,,0,31,,9451,113,,,0,71,,9435,113,,,0,27,,9446,113,,,0,70,,9436,113,,,0,30,,9460,89,,,0,71,,9450,113,,,0,98,,9457,113,,,0,100,,9447,113,,,0,100,,9467,113,,,0,100,,9448,113,,,0,100,,9464,89,,,0
2000801,'750deb35-6d38-499c-8a21-680b50a42db7',1006,,9468,113,,,0,101,,9481,113,,,0,100,,9472,113,,,0,100,,9479,113,,,0,100,,9473,113,,,0,100,,9476,113,,,0,100,,9480,113,,,0,98,,9475,113,,,0,100,,9478,113,,,0,100,,9474,113,,,0,98,,9477,113,,,0,100,,9470,113,,,0,100,,9471,89,,,0
2000801,'b8cf426a-e7c2-4b1e-a046-1a350c71ef6f',735,,9508,113,,,0,71,,9498,113,,,0,30,,9493,113,,,0,70,,9487,113,,,0,30,,9504,113,,,0,71,,9510,113,,,0,30,,9509,113,,,0,70,,9495,113,,,0,30,,9512,113,,,0,70,,9511,113,,,0,30,,9494,113,,,0,70,,9492,113,,,0,30,,9503,113,,,0,70,,9488,113,,,0,30,,9491,113,,,0,70,,9482,113,,,0,30,,9490,113,,,0,70,,9500,113,,,0,32,,9485,113,,,0,70,,9489,113,,,0,28,,9483,113,,,0,70,,9497,113,,,0,30,,9506,89,,,0,71,,9484,113,,,0,98,,9501,113,,,0,100,,9496,113,,,0,100,,9499,113,,,0,100,,9507,113,,,0,100,,9505,89,,,0
2000801,'eff94312-f97b-4885-9572-54f138618b00',1006,,9520,113,,,0,101,,9521,113,,,0,100,,9525,113,,,0,100,,9522,113,,,0,100,,9523,113,,,0,100,,9519,113,,,0,100,,9518,113,,,0,98,,9513,113,,,0,100,,9517,113,,,0,100,,9526,113,,,0,98,,9514,113,,,0,100,,9524,113,,,0,100,,9516,89,,,0
2001200,'00b4df37-9ead-4621-87b1-b10de39e7a53',816,,9534,28,,,0,100,,9537,28,,,0,100,,9539,28,,,0,100,,9527,28,,,0,103,,9528,28,,,0,107,,9531,28,,,0,100,,9538,28,,,0,110,,9535,28,,,0,100,,9540,28,,,0,110,,9529,28,,,0,100,,9533,28,,,0,100,,9532,28,,,0,100,,9530,28,,,0,102,,9536,28,,,0
2001200,'1f462966-7865-4a53-81e8-bf17edfc4a48',521,,9568,28,,,0,35,,9556,28,,,0,60,,9552,28,,,0,30,,9564,28,,,0,72,,9566,28,,,0,34,,9547,28,,,0,73,,9542,28,,,0,30,,9559,28,,,0,75,,9551,28,,,0,75,,9555,28,,,0,30,,9543,28,,,0,70,,9563,28,,,0,35,,9544,28,,,0,76,,9572,28,,,0,30,,9557,28,,,0,70,,9541,28,,,0,35,,9550,28,,,0,75,,9546,28,,,0,76,,9553,28,,,0,35,,9570,28,,,0,75,,9565,28,,,0,35,,9561,28,,,0,75,,9562,28,,,0,35,,9569,28,,,0,75,,9558,28,,,0,24,,9548,28,,,0,75,,9554,28,,,0,75,,9549,28,,,0,35,,9573,28,,,0,70,,9560,28,,,0,30,,9567,28,,,0,100,,9545,28,,,0,100,,9571,28,,,0
2001200,'750deb35-6d38-499c-8a21-680b50a42db7',816,,9582,28,,,0,100,,9586,28,,,0,100,,9575,28,,,0,100,,9577,28,,,0,103,,9580,28,,,0,107,,9578,28,,,0,100,,9579,28,,,0,110,,9583,28,,,0,100,,9581,28,,,0,110,,9585,28,,,0,100,,9584,28,,,0,100,,9587,28,,,0,100,,9576,28,,,0,102,,9574,28,,,0
2001200,'b8cf426a-e7c2-4b1e-a046-1a350c71ef6f',628,,9608,28,,,0,30,,9615,28,,,0,70,,9610,28,,,0,72,,9588,28,,,0,30,,9604,28,,,0,70,,9614,28,,,0,30,,9591,28,,,0,70,,9617,28,,,0,33,,9595,28,,,0,70,,9618,28,,,0,30,,9601,28,,,0,82,,9602,28,,,0,30,,9589,28,,,0,70,,9597,28,,,0,30,,9607,28,,,0,79,,9606,28,,,0,30,,9613,28,,,0,70,,9611,28,,,0,30,,9590,28,,,0,80,,9598,28,,,0,70,,9603,28,,,0,30,,9612,28,,,0,70,,9594,28,,,0,40,,9596,28,,,0,70,,9592,28,,,0,30,,9605,28,,,0,70,,9609,28,,,0,30,,9619,28,,,0,70,,9593,28,,,0,30,,9616,28,,,0,100,,9600,28,,,0,100,,9599,28,,,0
2001200,'eff94312-f97b-4885-9572-54f138618b00',816,,9630,28,,,0,100,,9623,28,,,0,100,,9626,28,,,0,100,,9624,28,,,0,103,,9632,28,,,0,107,,9627,28,,,0,100,,9633,28,,,0,110,,9629,28,,,0,100,,9628,28,,,0,110,,9620,28,,,0,100,,9622,28,,,0,100,,9621,28,,,0,100,,9625,28,,,0,102,,9631,28,,,0
