1000800,'00b4df37-9ead-4621-87b1-b10de39e7a53',905,,8600,85,,,0,100,,8596,133,,,0,100,,8615,133,,,0,100,,8608,133,,,0,100,,8601,133,,,0,100,,8607,133,,,0,100,,8614,133,,,0,100,,8594,133,,,0,100,,8604,133,,,0,100,,8603,133,,,0,100,,8620,133,,,0,100,,8619,133,,,0,100,,8613,133,,,0,100,,8595,133,,,0
1000800,'1f462966-7865-4a53-81e8-bf17edfc4a48',505,,8649,81,,,0,30,,8622,81,,,0,70,,8624,225,,,0,30,,8639,225,,,0,70,,8637,225,,,0,30,,8625,225,,,0,70,,8643,185,,,0,30,,8660,225,,,0,70,,8632,225,,,0,30,,8640,225,,,0,70,,8635,225,,,0,30,,8638,225,,,0,70,,8623,225,,,0,30,,8652,225,,,0,70,,8650,225,,,0,30,,8641,225,,,0,70,,8621,225,,,0,30,,8654,225,,,0,70,,8631,225,,,0,30,,8655,225,,,0,70,,8659,185,,,0,30,,8636,225,,,0,70,,8645,225,,,0,30,,8656,225,,,0,70,,8633,225,,,0,30,,8658,225,,,0,70,,8627,225,,,0,30,,8657,225,,,0,70,,8648,135,,,0,30,,8646,225,,,0,70,,8628,133,,,0,100,,8653,133,,,0,100,,8642,133,,,0,100,,8626,133,,,0,100,,8651,133,,,0
1000800,'750deb35-6d38-499c-8a21-680b50a42db7',905,,8685,85,,,0,100,,8679,133,,,0,100,,8668,133,,,0,100,,8674,133,,,0,100,,8663,133,,,0,100,,8665,133,,,0,100,,8687,133,,,0,100,,8677,133,,,0,100,,8670,133,,,0,100,,8669,133,,,0,100,,8683,133,,,0,100,,8664,133,,,0,100,,8680,133,,,0,100,,8682,133,,,0
1000800,'b8cf426a-e7c2-4b1e-a046-1a350c71ef6f',735,,8706,81,,,0,70,,8688,225,,,0,30,,8701,225,,,0,70,,8711,225,,,0,30,,8698,225,,,0,70,,8724,225,,,0,30,,8723,225,,,0,70,,8705,225,,,0,30,,8708,225,,,0,70,,8718,225,,,0,30,,8713,225,,,0,70,,8693,225,,,0,30,,8707,225,,,0,70,,8689,225,,,0,30,,8700,225,,,0,70,,8699,225,,,0,30,,8721,225,,,0,70,,8714,225,,,0,30,,8694,225,,,0,70,,8722,225,,,0,30,,8695,225,,,0,70,,8709,225,,,0,30,,8702,225,,,0,70,,8696,135,,,0,30,,8710,225,,,0,70,,8703,133,,,0,100,,8715,133,,,0,100,,8690,133,,,0,100,,8697,133,,,0,100,,8712,133,,,0
1000800,'eff94312-f97b-4885-9572-54f138618b00',905,,8740,85,,,0,100,,8750,133,,,0,100,,8738,133,,,0,100,,8729,133,,,0,100,,8737,133,,,0,100,,8727,133,,,0,100,,8728,133,,,0,100,,8744,133,,,0,100,,8733,133,,,0,100,,8741,133,,,0,100,,8726,133,,,0,100,,8731,133,,,0,100,,8730,133,,,0,100,,8735,133,,,0
1001200,'00b4df37-9ead-4621-87b1-b10de39e7a53',843,,8864,90,,,0,100,,8868,90,,,0,100,,8862,90,,,0,103,,8875,90,,,0,102,,8867,90,,,0,100,,8871,90,,,0,110,,8865,90,,,0,100,,8863,90,,,0,150,,8870,90,,,0,100,,8872,90,,,0,106,,8869,90,,,0,100,,8866,90,,,0,100,,8874,90,,,0,100,,8873,90,,,0
1001200,'1f462966-7865-4a53-81e8-bf17edfc4a48',614,,8886,90,,,0,32,,8889,90,,,0,74,,8878,90,,,0,30,,8897,90,,,0,70,,8883,90,,,0,35,,8885,90,,,0,75,,8904,90,,,0,70,,8894,90,,,0,30,,8900,90,,,0,75,,8881,90,,,0,35,,8887,90,,,0,70,,8880,90,,,0,30,,8901,90,,,0,75,,8898,90,,,0,35,,8890,90,,,0,72,,8895,90,,,0,35,,8888,90,,,0,75,,8907,90,,,0,75,,8882,90,,,0,35,,8906,90,,,0,75,,8892,90,,,0,35,,8902,90,,,0,70,,8896,90,,,0,35,,8876,90,,,0,75,,8903,90,,,0,75,,8893,90,,,0,30,,8877,90,,,0,70,,8884,90,,,0,100,,8905,90,,,0,100,,8899,90,,,0,109,,8879,90,,,0
1001200,'750deb35-6d38-499c-8a21-680b50a42db7',843,,8913,90,,,0,100,,8910,90,,,0,100,,8918,90,,,0,103,,8914,90,,,0,102,,8920,90,,,0,100,,8915,90,,,0,110,,8911,90,,,0,100,,8921,90,,,0,150,,8919,90,,,0,100,,8916,90,,,0,106,,8912,90,,,0,100,,8908,90,,,0,100,,8909,90,,,0,100,,8917,90,,,0
1001200,'b8cf426a-e7c2-4b1e-a046-1a350c71ef6f',656,,8931,90,,,0,71,,8941,90,,,0,30,,8942,90,,,0,70,,8927,90,,,0,30,,8948,90,,,0,70,,8940,90,,,0,73,,8943,90,,,0,30,,8922,90,,,0,70,,8929,90,,,0,36,,8928,90,,,0,70,,8937,90,,,0,30,,8936,90,,,0,70,,8952,90,,,0,40,,8930,90,,,0,70,,8935,90,,,0,30,,8923,90,,,0,70,,8925,90,,,0,40,,8949,90,,,0,70,,8944,90,,,0,30,,8946,90,,,0,70,,8932,90,,,0,81,,8926,90,,,0,30,,8947,90,,,0,70,,8950,90,,,0,30,,8945,90,,,0,73,,8938,90,,,0,30,,8934,90,,,0,70,,8939,90,,,0,100,,8951,90,,,0,100,,8933,90,,,0,100,,8924,90,,,0
1001200,'eff94312-f97b-4885-9572-54f138618b00',843,,8964,90,,,0,100,,8956,90,,,0,100,,8961,90,,,0,103,,8960,90,,,0,102,,8965,90,,,0,100,,8959,90,,,0,110,,8957,90,,,0,100,,8953,90,,,0,150,,8958,90,,,0,100,,8962,90,,,0,106,,8966,90,,,0,100,,8955,90,,,0,100,,8963,90,,,0,100,,8954,90,,,0
