1000700,'13805ebc-bea4-4dd3-bd3f-9c5e4ab438b0',711,,13818,150,,,0,30,,13821,150,,,0,70,,13795,150,,,0,30,,13798,150,,,0,69,,13791,150,,,0,30,,13806,150,,,0,70,,13810,150,,,0,30,,13808,150,,,0,70,,13796,150,,,0,30,,13794,150,,,0,70,,13816,150,,,0,30,,13809,150,,,0,70,,13799,150,,,0,30,,13797,150,,,0,70,,13807,150,,,0,30,,13805,150,,,0,70,,13822,150,,,0,30,,13813,150,,,0,70,,13802,150,,,0,30,,13817,150,,,0,70,,13819,150,,,0,30,,13820,150,,,0,70,,13800,150,,,0,30,,13811,150,,,0,70,,13793,150,,,0,100,,13812,150,,,0,99,,13815,150,,,0,100,,13814,150,,,0,100,,13801,150,,,0,100,,13804,103,,,0
1000700,'5b663066-968d-4dfa-a248-00bf0b9579fb',611,,13833,150,,,0,30,,13856,150,,,0,69,,13832,150,,,0,24,,13848,150,,,0,76,,13843,150,,,0,24,,13840,150,,,0,76,,13854,150,,,0,30,,13842,150,,,0,70,,13829,150,,,0,30,,13823,150,,,0,70,,13834,150,,,0,30,,13839,150,,,0,70,,13828,150,,,0,30,,13837,150,,,0,70,,13841,150,,,0,30,,13831,150,,,0,69,,13852,150,,,0,30,,13844,150,,,0,70,,13855,150,,,0,30,,13835,150,,,0,70,,13849,150,,,0,30,,13845,150,,,0,68,,13836,150,,,0,30,,13827,150,,,0,72,,13838,150,,,0,30,,13853,150,,,0,72,,13847,150,,,0,98,,13830,150,,,0,101,,13826,150,,,0,98,,13846,150,,,0,102,,13851,150,,,0,96,,13825,112,,,0
1000700,'6d401a22-fb9c-477c-accf-7b1543647ca1',1010,,13864,150,,,0,100,,13868,150,,,0,100,,13870,150,,,0,100,,13861,150,,,0,100,,13863,150,,,0,100,,13859,150,,,0,100,,13860,150,,,0,100,,13857,150,,,0,100,,13862,150,,,0,100,,13869,150,,,0,100,,13867,150,,,0,99,,13866,150,,,0,100,,13865,103,,,0
1000700,'f60b9e5b-38dd-4def-ac17-8354041fa0cb',1010,,13877,150,,,0,100,,13879,150,,,0,100,,13873,150,,,0,100,,13883,150,,,0,100,,13878,150,,,0,100,,13881,150,,,0,100,,13884,150,,,0,100,,13875,150,,,0,100,,13871,150,,,0,100,,13876,150,,,0,100,,13872,150,,,0,99,,13874,150,,,0,100,,13882,103,,,0
1001200,'13805ebc-bea4-4dd3-bd3f-9c5e4ab438b0',657,,14120,101,,,0,72,,14122,101,,,0,30,,14114,101,,,0,70,,14115,101,,,0,30,,14117,101,,,0,70,,14113,101,,,0,73,,14131,101,,,0,30,,14112,101,,,0,70,,14130,101,,,0,36,,14138,101,,,0,70,,14132,101,,,0,30,,14140,101,,,0,70,,14137,101,,,0,40,,14134,101,,,0,70,,14121,101,,,0,30,,14127,101,,,0,70,,14135,101,,,0,40,,14128,101,,,0,70,,14123,101,,,0,30,,14116,101,,,0,70,,14118,101,,,0,80,,14142,101,,,0,30,,14136,101,,,0,70,,14119,101,,,0,30,,14129,101,,,0,73,,14125,101,,,0,30,,14124,101,,,0,70,,14133,101,,,0,100,,14141,101,,,0,100,,14139,101,,,0,100,,14126,101,,,0
1001200,'5b663066-968d-4dfa-a248-00bf0b9579fb',615,,14153,101,,,0,32,,14150,101,,,0,74,,14165,101,,,0,31,,14149,101,,,0,70,,14155,101,,,0,35,,14152,101,,,0,75,,14156,101,,,0,70,,14161,101,,,0,30,,14159,101,,,0,75,,14164,101,,,0,35,,14173,101,,,0,70,,14144,101,,,0,30,,14168,101,,,0,75,,14147,101,,,0,35,,14174,101,,,0,72,,14158,101,,,0,35,,14148,101,,,0,75,,14143,101,,,0,75,,14160,101,,,0,35,,14167,101,,,0,75,,14157,101,,,0,35,,14166,101,,,0,69,,14146,101,,,0,35,,14170,101,,,0,75,,14154,101,,,0,75,,14171,101,,,0,30,,14145,101,,,0,70,,14169,101,,,0,100,,14162,101,,,0,100,,14172,101,,,0,109,,14163,101,,,0
1001200,'6d401a22-fb9c-477c-accf-7b1543647ca1',845,,14179,101,,,0,100,,14187,101,,,0,100,,14188,101,,,0,103,,14176,101,,,0,102,,14182,101,,,0,100,,14180,101,,,0,150,,14183,101,,,0,100,,14178,101,,,0,110,,14181,101,,,0,100,,14175,101,,,0,105,,14185,101,,,0,100,,14186,101,,,0,100,,14177,101,,,0,100,,14184,101,,,0
1001200,'f60b9e5b-38dd-4def-ac17-8354041fa0cb',845,,14201,101,,,0,100,,14193,101,,,0,100,,14191,101,,,0,103,,14196,101,,,0,102,,14192,101,,,0,100,,14199,101,,,0,150,,14189,101,,,0,100,,14202,101,,,0,110,,14198,101,,,0,100,,14194,101,,,0,105,,14195,101,,,0,100,,14200,101,,,0,100,,14190,101,,,0,100,,14197,101,,,0
2000800,'13805ebc-bea4-4dd3-bd3f-9c5e4ab438b0',643,,14496,9,,,0,70,,14478,9,,,0,30,,14495,9,,,0,70,,14485,59,,,0,30,,14491,59,,,0,70,,14489,59,,,0,30,,14498,59,,,0,70,,14504,59,,,0,30,,14481,59,,,0,70,,14472,59,,,0,30,,14494,59,,,0,70,,14507,59,,,0,30,,14476,59,,,0,70,,14490,59,,,0,30,,14480,59,,,0,70,,14497,59,,,0,30,,14492,59,,,0,70,,14502,59,,,0,30,,14484,59,,,0,70,,14475,59,,,0,30,,14503,59,,,0,70,,14474,59,,,0,30,,14505,59,,,0,70,,14473,59,,,0,100,,14483,59,,,0,100,,14501,9,,,0,100,,14487,9,,,0,100,,14499,9,,,0,100,,14493,9,,,0
2000800,'5b663066-968d-4dfa-a248-00bf0b9579fb',514,,14532,9,,,0,30,,14537,9,,,0,69,,14511,59,,,0,30,,14543,9,,,0,70,,14533,59,,,0,30,,14523,59,,,0,70,,14538,59,,,0,30,,14544,59,,,0,70,,14527,59,,,0,30,,14530,59,,,0,70,,14522,59,,,0,30,,14528,59,,,0,70,,14521,59,,,0,30,,14512,59,,,0,70,,14540,59,,,0,30,,14542,59,,,0,70,,14519,59,,,0,30,,14517,59,,,0,70,,14535,59,,,0,30,,14545,59,,,0,70,,14510,59,,,0,30,,14508,59,,,0,70,,14525,59,,,0,30,,14518,59,,,0,70,,14539,59,,,0,30,,14526,59,,,0,70,,14520,59,,,0,104,,14546,59,,,0,96,,14513,9,,,0,100,,14524,9,,,0,100,,14515,9,,,0,100,,14509,9,,,0
2000800,'6d401a22-fb9c-477c-accf-7b1543647ca1',913,,14553,9,,,0,100,,14549,9,,,0,100,,14551,9,,,0,100,,14567,9,,,0,100,,14554,9,,,0,100,,14568,9,,,0,100,,14572,9,,,0,100,,14563,9,,,0,100,,14562,9,,,0,100,,14565,9,,,0,100,,14564,9,,,0,100,,14556,9,,,0,100,,14560,9,,,0
2000800,'f60b9e5b-38dd-4def-ac17-8354041fa0cb',913,,14590,9,,,0,100,,14574,9,,,0,100,,14598,9,,,0,100,,14596,9,,,0,100,,14597,9,,,0,100,,14582,9,,,0,100,,14580,9,,,0,100,,14576,9,,,0,100,,14589,9,,,0,100,,14591,9,,,0,100,,14575,9,,,0,100,,14586,9,,,0,100,,14585,9,,,0
