1000700,'00b4df37-9ead-4621-87b1-b10de39e7a53',949,,8498,67,,,0,100,,8488,67,,,0,100,,8494,67,,,0,100,,8492,67,,,0,100,,8486,67,,,0,100,,8497,67,,,0,100,,8495,67,,,0,100,,8489,67,,,0,101,,8491,67,,,0,100,,8493,67,,,0,100,,8496,67,,,0,99,,8499,67,,,0,100,,8490,53,,,0
1000700,'1f462966-7865-4a53-81e8-bf17edfc4a48',549,,8501,67,,,0,70,,8529,67,,,0,30,,8515,67,,,0,65,,8507,67,,,0,33,,8517,67,,,0,67,,8508,67,,,0,35,,8500,67,,,0,70,,8523,67,,,0,30,,8525,67,,,0,70,,8505,67,,,0,30,,8514,67,,,0,70,,8520,67,,,0,30,,8532,67,,,0,70,,8531,67,,,0,30,,8528,67,,,0,70,,8511,67,,,0,29,,8516,67,,,0,70,,8524,67,,,0,30,,8530,67,,,0,70,,8512,67,,,0,30,,8526,67,,,0,70,,8521,67,,,0,29,,8513,67,,,0,70,,8533,67,,,0,32,,8502,67,,,0,70,,8519,67,,,0,32,,8527,67,,,0,98,,8503,67,,,0,101,,8504,67,,,0,98,,8509,67,,,0,102,,8522,67,,,0,96,,8506,56,,,0
1000700,'750deb35-6d38-499c-8a21-680b50a42db7',949,,8540,67,,,0,100,,8539,67,,,0,100,,8535,67,,,0,100,,8542,67,,,0,100,,8536,67,,,0,100,,8538,67,,,0,100,,8543,67,,,0,100,,8534,67,,,0,101,,8541,67,,,0,100,,8544,67,,,0,100,,8547,67,,,0,99,,8537,67,,,0,100,,8545,53,,,0
1000700,'b8cf426a-e7c2-4b1e-a046-1a350c71ef6f',649,,8554,67,,,0,70,,8568,67,,,0,30,,8561,67,,,0,70,,8579,67,,,0,30,,8551,67,,,0,70,,8558,67,,,0,30,,8569,67,,,0,70,,8563,67,,,0,30,,8567,67,,,0,80,,8574,67,,,0,20,,8565,67,,,0,70,,8577,67,,,0,30,,8566,67,,,0,70,,8552,67,,,0,30,,8576,67,,,0,70,,8572,67,,,0,30,,8571,67,,,0,70,,8573,67,,,0,30,,8570,67,,,0,70,,8560,67,,,0,30,,8557,67,,,0,70,,8550,67,,,0,31,,8556,67,,,0,70,,8575,67,,,0,30,,8578,67,,,0,100,,8548,67,,,0,99,,8555,67,,,0,100,,8553,67,,,0,100,,8562,67,,,0,100,,8549,53,,,0
1000700,'eff94312-f97b-4885-9572-54f138618b00',949,,8583,67,,,0,100,,8589,67,,,0,100,,8586,67,,,0,100,,8581,67,,,0,100,,8587,67,,,0,100,,8592,67,,,0,100,,8584,67,,,0,100,,8590,67,,,0,101,,8591,67,,,0,100,,8588,67,,,0,100,,8582,67,,,0,99,,8580,67,,,0,100,,8585,53,,,0
2000801,'00b4df37-9ead-4621-87b1-b10de39e7a53',936,2,9432,74,,,0,100,2,9424,191,,,0,100,2,9433,191,,,0,100,2,9422,191,,,0,100,2,9420,191,,,0,100,2,9426,191,,,0,100,2,9425,191,,,0,100,2,9431,191,,,0,97,2,9429,191,,,0,100,2,9423,191,,,0,100,2,9428,191,,,0,99,2,9427,191,,,0,100,2,9421,191,,,0
2000801,'1f462966-7865-4a53-81e8-bf17edfc4a48',513,2,9465,74,,,0,100,2,9439,74,,,0,21,2,9463,191,,,0,70,2,9455,191,,,0,30,2,9458,144,,,0,70,2,9440,191,,,0,30,2,9442,191,,,0,70,2,9441,191,,,0,29,,9443,191,,,0,70,,9456,191,,,0,31,,9462,191,,,0,72,2,9445,191,,,0,30,2,9438,191,,,0,70,2,9466,191,,,0,31,2,9461,191,,,0,70,2,9434,191,,,0,30,2,9452,191,,,0,70,2,9444,191,,,0,30,2,9437,144,,,0,71,2,9459,191,,,0,30,2,9454,191,,,0,70,2,9449,191,,,0,30,2,9453,191,,,0,71,,9451,191,,,0,31,,9435,191,,,0,70,2,9446,191,,,0,28,2,9436,191,,,0,101,2,9450,191,,,0,100,2,9457,191,,,0,95,2,9447,191,,,0,100,2,9467,191,,,0,100,2,9448,191,,,0
2000801,'750deb35-6d38-499c-8a21-680b50a42db7',936,2,9469,74,,,0,100,2,9468,191,,,0,100,2,9481,191,,,0,100,2,9472,191,,,0,100,2,9479,191,,,0,100,2,9473,191,,,0,100,2,9476,191,,,0,100,2,9480,191,,,0,97,2,9475,191,,,0,100,2,9478,191,,,0,100,2,9474,191,,,0,99,2,9477,191,,,0,100,2,9470,191,,,0
2000801,'b8cf426a-e7c2-4b1e-a046-1a350c71ef6f',704,2,9486,74,,,0,30,2,9502,74,,,0,70,2,9508,191,,,0,30,2,9498,191,,,0,70,2,9493,191,,,0,29,,9487,191,,,0,70,,9504,191,,,0,33,2,9510,191,,,0,70,2,9509,191,,,0,30,2,9495,191,,,0,70,2,9512,191,,,0,31,2,9511,191,,,0,70,2,9494,191,,,0,30,2,9492,191,,,0,70,2,9503,191,,,0,30,2,9488,191,,,0,70,2,9491,191,,,0,30,2,9482,191,,,0,70,2,9490,191,,,0,30,2,9500,191,,,0,72,2,9485,191,,,0,31,2,9489,191,,,0,70,2,9483,191,,,0,28,2,9497,191,,,0,101,2,9484,191,,,0,100,2,9501,191,,,0,95,2,9496,191,,,0,100,2,9499,191,,,0,100,2,9507,191,,,0
2000801,'eff94312-f97b-4885-9572-54f138618b00',936,2,9515,74,,,0,100,2,9520,191,,,0,100,2,9521,191,,,0,100,2,9525,191,,,0,100,2,9522,191,,,0,100,2,9523,191,,,0,100,2,9519,191,,,0,100,2,9518,191,,,0,97,2,9513,191,,,0,100,2,9517,191,,,0,100,2,9526,191,,,0,99,2,9514,191,,,0,100,2,9524,191,,,0
