40000,'1f462966-7865-4a53-81e8-bf17edfc4a48',650,,8282,0,,,0,70,,8287,0,,,0,30,,8292,0,,,0,70,,8286,0,,,0,30,,8284,0,,,0,70,,8281,0,,,0,30,,8291,0,,,0,70,,8283,0,,,0,30,,8290,0,,,0,70,,8278,0,,,0,30,,8288,0,,,0,70,,8289,0,,,0,30,,8296,0,,,0,70,,8298,0,,,0,30,,8293,0,,,0,70,,8299,0,,,0,30,,8279,0,,,0,70,,8297,0,,,0,30,,8280,0,,,0,70,,8294,0,,,0,30,,8285,0,,,0,70,,8295,0,,,0,30,,8277,0,,,0
40000,'b8cf426a-e7c2-4b1e-a046-1a350c71ef6f',850,,8307,0,,,0,70,,8316,0,,,0,30,,8301,0,,,0,70,,8314,0,,,0,30,,8318,0,,,0,70,,8309,0,,,0,30,,8310,0,,,0,70,,8302,0,,,0,30,,8317,0,,,0,70,,8313,0,,,0,30,,8304,0,,,0,70,,8305,0,,,0,30,,8312,0,,,0,70,,8306,0,,,0,30,,8308,0,,,0,70,,8303,0,,,0,30,,8311,0,,,0,70,,8315,0,,,0,30,,8300,0,,,0
40001,'1f462966-7865-4a53-81e8-bf17edfc4a48',715,,8320,120,4,,0,28,,8328,120,4,,0,70,,8327,120,4,,0,33,,8333,120,4,,0,70,,8338,120,4,,0,30,,8330,120,4,,0,70,,8332,120,4,,0,30,,8324,120,4,,0,70,,8337,120,4,,0,29,,8329,120,4,,0,71,,8334,120,4,,0,30,,8321,120,4,,0,70,,8323,120,4,,0,30,,8339,120,4,,0,70,,8331,120,4,,0,30,,8335,120,4,,0,71,,8326,120,4,,0,30,,8336,120,4,,0,69,,8340,120,4,,0,30,,8319,120,4,,0,70,,8341,120,4,,0,30,,8322,120,4,,0,70,,8325,120,4,,0,30,,8342,120,4,,0
40001,'b8cf426a-e7c2-4b1e-a046-1a350c71ef6f',915,,8354,120,4,,0,31,,8356,120,4,,0,70,,8350,120,4,,0,30,,8343,120,4,,0,70,,8352,120,4,,0,29,,8349,120,4,,0,71,,8353,120,4,,0,30,,8347,120,4,,0,70,,8348,120,4,,0,30,,8359,120,4,,0,70,,8357,120,4,,0,30,,8362,120,4,,0,70,,8346,120,4,,0,30,,8360,120,4,,0,70,,8358,120,4,,0,30,,8351,120,4,,0,70,,8361,120,4,,0,30,,8345,120,4,,0,70,,8355,120,4,,0,30,,8344,120,4,,0
1000200,'00b4df37-9ead-4621-87b1-b10de39e7a53',935,,8374,0,,,0,100,,8367,0,,,0,70,,8366,0,,,0,100,,8379,0,,,0,30,,8371,0,,,0,100,,8380,0,,,0,70,,8363,0,,,0,100,,8364,0,,,0,30,,8365,0,,,0,100,,8377,0,,,0,70,,8376,0,,,0,100,,8375,0,,,0,30,,8372,0,,,0,100,,8369,0,,,0,70,,8378,0,,,0,100,,8373,0,,,0,30,,8381,0,,,0
1000200,'1f462966-7865-4a53-81e8-bf17edfc4a48',605,,8387,0,,,0,30,,8384,0,,,0,70,,8408,0,,,0,30,,8398,0,,,0,70,,8414,0,,,0,30,,8410,0,,,0,70,,8397,0,,,0,30,,8382,0,,,0,70,,8395,0,,,0,30,,8383,0,,,0,70,,8415,0,,,0,30,,8409,0,,,0,70,,8390,0,,,0,30,,8402,0,,,0,70,,8403,0,,,0,30,,8386,0,,,0,70,,8393,0,,,0,30,,8396,0,,,0,70,,8399,0,,,0,30,,8412,0,,,0,70,,8388,0,,,0,30,,8385,0,,,0,70,,8405,0,,,0,30,,8400,0,,,0,70,,8389,0,,,0,30,,8406,0,,,0,70,,8411,0,,,0,100,,8407,0,,,0,30,,8413,0,,,0,100,,8404,0,,,0,70,,8401,0,,,0,100,,8391,0,,,0
1000200,'750deb35-6d38-499c-8a21-680b50a42db7',935,,8429,0,,,0,100,,8420,0,,,0,70,,8432,0,,,0,100,,8427,0,,,0,30,,8419,0,,,0,100,,8426,0,,,0,70,,8434,0,,,0,100,,8428,0,,,0,30,,8423,0,,,0,100,,8416,0,,,0,70,,8433,0,,,0,100,,8430,0,,,0,30,,8422,0,,,0,100,,8417,0,,,0,70,,8425,0,,,0,100,,8431,0,,,0,30,,8421,0,,,0
1000200,'b8cf426a-e7c2-4b1e-a046-1a350c71ef6f',705,,8437,0,,,0,30,,8466,0,,,0,70,,8458,0,,,0,30,,8438,0,,,0,70,,8443,0,,,0,30,,8449,0,,,0,70,,8457,0,,,0,30,,8442,0,,,0,70,,8462,0,,,0,30,,8435,0,,,0,70,,8441,0,,,0,30,,8465,0,,,0,70,,8455,0,,,0,30,,8453,0,,,0,70,,8439,0,,,0,30,,8454,0,,,0,70,,8452,0,,,0,30,,8460,0,,,0,70,,8447,0,,,0,30,,8440,0,,,0,70,,8459,0,,,0,30,,8461,0,,,0,70,,8456,0,,,0,30,,8448,0,,,0,70,,8446,0,,,0,100,,8451,0,,,0,30,,8436,0,,,0,100,,8445,0,,,0,70,,8450,0,,,0,100,,8444,0,,,0
1000200,'eff94312-f97b-4885-9572-54f138618b00',935,,8478,0,,,0,100,,8481,0,,,0,70,,8479,0,,,0,100,,8468,0,,,0,30,,8471,0,,,0,100,,8475,0,,,0,70,,8477,0,,,0,100,,8469,0,,,0,30,,8472,0,,,0,100,,8480,0,,,0,70,,8467,0,,,0,100,,8484,0,,,0,30,,8473,0,,,0,100,,8485,0,,,0,70,,8474,0,,,0,100,,8470,0,,,0,30,,8482,0,,,0
1000700,'00b4df37-9ead-4621-87b1-b10de39e7a53',932,,8498,0,,,0,100,,8488,0,,,0,100,,8494,0,,,0,100,,8492,0,,,0,100,,8486,0,,,0,100,,8497,0,,,0,100,,8495,0,,,0,100,,8489,0,,,0,100,,8491,0,,,0,100,,8493,0,,,0,100,,8496,0,,,0,100,,8499,0,,,0,100,,8490,0,,,0
1000700,'1f462966-7865-4a53-81e8-bf17edfc4a48',534,,8501,0,,,0,70,,8529,0,,,0,28,,8515,0,,,0,25,,8507,0,,,0,73,,8517,0,,,0,27,,8508,0,,,0,75,,8500,0,,,0,70,,8523,0,,,0,30,,8525,0,,,0,70,,8505,0,,,0,30,,8514,0,,,0,70,,8520,0,,,0,30,,8532,0,,,0,70,,8531,0,,,0,30,,8528,0,,,0,70,,8511,0,,,0,27,,8516,0,,,0,30,,8524,0,,,0,70,,8530,0,,,0,30,,8512,0,,,0,70,,8526,0,,,0,30,,8521,0,,,0,70,,8513,0,,,0,30,,8533,0,,,0,72,,8502,0,,,0,70,,8519,0,,,0,32,,8527,0,,,0,98,,8503,0,,,0,102,,8504,0,,,0,98,,8509,0,,,0,102,,8522,0,,,0,96,,8506,0,,,0
1000700,'750deb35-6d38-499c-8a21-680b50a42db7',932,,8540,0,,,0,100,,8539,0,,,0,100,,8535,0,,,0,100,,8542,0,,,0,100,,8536,0,,,0,100,,8538,0,,,0,100,,8543,0,,,0,100,,8534,0,,,0,100,,8541,0,,,0,100,,8544,0,,,0,100,,8547,0,,,0,100,,8537,0,,,0,100,,8545,0,,,0
1000700,'b8cf426a-e7c2-4b1e-a046-1a350c71ef6f',632,,8554,0,,,0,70,,8568,0,,,0,30,,8561,0,,,0,70,,8579,0,,,0,30,,8551,0,,,0,70,,8558,0,,,0,30,,8569,0,,,0,70,,8563,0,,,0,30,,8567,0,,,0,70,,8574,0,,,0,30,,8565,0,,,0,70,,8577,0,,,0,30,,8566,0,,,0,70,,8552,0,,,0,30,,8576,0,,,0,70,,8572,0,,,0,30,,8571,0,,,0,70,,8573,0,,,0,30,,8570,0,,,0,70,,8560,0,,,0,30,,8557,0,,,0,70,,8550,0,,,0,30,,8556,0,,,0,70,,8575,0,,,0,30,,8578,0,,,0,100,,8548,0,,,0,100,,8555,0,,,0,100,,8553,0,,,0,100,,8562,0,,,0,100,,8549,0,,,0
1000700,'eff94312-f97b-4885-9572-54f138618b00',932,,8583,0,,,0,100,,8589,0,,,0,100,,8586,0,,,0,100,,8581,0,,,0,100,,8587,0,,,0,100,,8592,0,,,0,100,,8584,0,,,0,100,,8590,0,,,0,100,,8591,0,,,0,100,,8588,0,,,0,100,,8582,0,,,0,100,,8580,0,,,0,100,,8585,0,,,0
1000800,'00b4df37-9ead-4621-87b1-b10de39e7a53',836,,8600,0,,,0,100,4,8596,53,,,0,97,4,8615,53,,,0,100,4,8608,53,,,0,100,4,8601,53,,,0,100,4,8607,53,,,0,100,4,8614,53,,,0,100,4,8594,53,,,0,100,4,8604,53,,,0,100,4,8603,53,,,0,100,4,8620,53,,,0,100,4,8619,53,,,0,103,4,8613,53,,,0,100,4,8595,53,,,0
1000800,'1f462966-7865-4a53-81e8-bf17edfc4a48',436,,8649,0,,,0,69,,8622,0,,,0,31,4,8624,92,,,0,70,4,8639,92,,,0,30,4,8637,92,,,0,70,4,8625,92,,,0,27,,8643,59,,,0,73,4,8660,92,,,0,30,4,8632,92,,,0,70,4,8640,92,,,0,30,4,8635,92,,,0,70,4,8638,92,,,0,27,4,8623,92,,,0,70,44,8652,92,,,0,30,4,8650,92,,,0,70,44,8641,92,,,0,30,4,8621,92,,,0,70,44,8654,92,,,0,30,4,8631,92,,,0,70,44,8655,92,,,0,30,4,8659,59,,,0,70,44,8636,92,,,0,30,4,8645,92,,,0,70,44,8656,92,,,0,30,4,8633,92,,,0,70,44,8658,92,,,0,30,4,8627,92,,,0,70,44,8657,92,,,0,30,4,8648,53,,,0,70,44,8646,92,,,0,30,4,8628,53,,,0,103,4,8653,53,,,0,100,4,8642,53,,,0,100,4,8626,53,,,0,100,4,8651,53,,,0
1000800,'750deb35-6d38-499c-8a21-680b50a42db7',836,,8685,0,,,0,100,4,8679,53,,,0,97,4,8668,53,,,0,100,4,8674,53,,,0,100,4,8663,53,,,0,100,4,8665,53,,,0,100,4,8687,53,,,0,100,4,8677,53,,,0,100,4,8670,53,,,0,100,4,8669,53,,,0,100,4,8683,53,,,0,100,4,8664,53,,,0,103,4,8680,53,,,0,100,4,8682,53,,,0
1000800,'b8cf426a-e7c2-4b1e-a046-1a350c71ef6f',706,,8706,0,,,0,30,4,8688,92,,,0,70,4,8701,92,,,0,30,4,8711,92,,,0,70,4,8698,92,,,0,30,4,8724,92,,,0,70,4,8723,92,,,0,27,4,8705,92,,,0,70,44,8708,92,,,0,30,4,8718,92,,,0,70,44,8713,92,,,0,30,4,8693,92,,,0,70,44,8707,92,,,0,30,4,8689,92,,,0,70,44,8700,92,,,0,30,4,8699,92,,,0,70,44,8721,92,,,0,30,4,8714,92,,,0,70,44,8694,92,,,0,30,4,8722,92,,,0,70,44,8695,92,,,0,30,4,8709,92,,,0,70,44,8702,92,,,0,30,4,8696,53,,,0,70,44,8710,92,,,0,30,4,8703,53,,,0,103,4,8715,53,,,0,100,4,8690,53,,,0,100,4,8697,53,,,0,100,4,8712,53,,,0
1000800,'eff94312-f97b-4885-9572-54f138618b00',836,,8740,0,,,0,100,4,8750,53,,,0,97,4,8738,53,,,0,100,4,8729,53,,,0,100,4,8737,53,,,0,100,4,8727,53,,,0,100,4,8728,53,,,0,100,4,8744,53,,,0,100,4,8733,53,,,0,100,4,8741,53,,,0,100,4,8726,53,,,0,100,4,8731,53,,,0,103,4,8730,53,,,0,100,4,8735,53,,,0
1001200,'00b4df37-9ead-4621-87b1-b10de39e7a53',832,,8864,61,,,0,100,,8868,61,,,0,100,,8862,61,,,0,103,,8875,61,,,0,102,2,8867,61,,,0,100,2,8871,61,,,0,110,2,8865,61,,,0,100,2,8863,61,,,0,110,2,8870,61,,,0,100,2,8872,61,,,0,147,3,8869,61,,,0,100,3,8866,61,,,0,100,3,8874,61,,,0,100,3,8873,61,,,0
1001200,'1f462966-7865-4a53-81e8-bf17edfc4a48',604,2,8886,61,,,0,32,2,8889,61,,,0,74,2,8878,61,,,0,29,,8897,61,,,0,70,3,8883,61,,,0,35,3,8885,61,,,0,75,3,8904,61,,,0,30,3,8894,61,,,0,70,3,8900,61,,,0,35,3,8881,61,,,0,75,2,8887,61,,,0,30,2,8880,61,,,0,70,2,8901,61,,,0,75,2,8898,61,,,0,35,2,8890,61,,,0,71,2,8895,61,,,0,35,,8888,61,,,0,75,2,8907,61,,,0,35,2,8882,61,,,0,75,2,8906,61,,,0,75,2,8892,61,,,0,35,2,8902,61,,,0,72,2,8896,61,,,0,35,2,8876,61,,,0,75,2,8903,61,,,0,35,2,8893,61,,,0,70,2,8877,61,,,0,30,2,8884,61,,,0,100,2,8905,61,,,0,100,2,8899,61,,,0,149,,8879,61,,,0
1001200,'750deb35-6d38-499c-8a21-680b50a42db7',832,,8913,61,,,0,100,,8910,61,,,0,100,,8918,61,,,0,103,,8914,61,,,0,102,2,8920,61,,,0,100,2,8915,61,,,0,110,2,8911,61,,,0,100,2,8921,61,,,0,110,2,8919,61,,,0,100,2,8916,61,,,0,147,3,8912,61,,,0,100,3,8908,61,,,0,100,3,8909,61,,,0,100,3,8917,61,,,0
1001200,'b8cf426a-e7c2-4b1e-a046-1a350c71ef6f',647,3,8931,61,,,0,69,,8941,61,,,0,30,,8942,61,,,0,70,,8927,61,,,0,30,,8948,61,,,0,70,,8940,61,,,0,33,4,8943,61,,,0,70,4,8922,61,,,0,30,3,8929,61,,,0,76,5,8928,61,,,0,30,2,8937,61,,,0,70,2,8936,61,,,0,30,2,8952,61,,,0,80,2,8930,61,,,0,70,2,8935,61,,,0,30,2,8923,61,,,0,70,2,8925,61,,,0,40,2,8949,61,,,0,70,2,8944,61,,,0,30,2,8946,61,,,0,70,2,8932,61,,,0,42,3,8926,61,,,0,70,3,8947,61,,,0,30,3,8950,61,,,0,70,3,8945,61,,,0,73,43,8938,61,,,0,30,3,8934,61,,,0,70,43,8939,61,,,0,100,43,8951,61,,,0,100,43,8933,61,,,0,100,43,8924,61,,,0
1001200,'eff94312-f97b-4885-9572-54f138618b00',832,,8964,61,,,0,100,,8956,61,,,0,100,,8961,61,,,0,103,,8960,61,,,0,102,2,8965,61,,,0,100,2,8959,61,,,0,110,2,8957,61,,,0,100,2,8953,61,,,0,110,2,8958,61,,,0,100,2,8962,61,,,0,147,3,8966,61,,,0,100,3,8955,61,,,0,100,3,8963,61,,,0,100,3,8954,61,,,0
2000200,'00b4df37-9ead-4621-87b1-b10de39e7a53',924,,9062,159,4,,0,100,,9055,159,4,,0,30,,9059,159,4,,0,100,,9064,159,4,,0,72,,9048,159,4,,0,100,,9058,159,4,,0,30,,9060,159,4,,0,100,,9065,159,4,,0,70,,9056,159,4,,0,100,,9053,159,4,,0,30,,9061,159,4,,0,100,,9057,159,4,,0,70,,9049,159,4,,0,98,,9063,159,4,,0,30,,9052,159,4,,0,100,,9050,159,4,,0,68,,9054,159,4,,0,100,,9051,159,4,,0
2000200,'1f462966-7865-4a53-81e8-bf17edfc4a48',626,,9090,159,4,,0,30,,9068,159,4,,0,70,,9085,159,4,,0,30,,9073,159,4,,0,70,,9076,159,4,,0,30,,9081,159,4,,0,70,,9086,159,4,,0,30,,9079,159,4,,0,70,,9066,159,4,,0,30,,9069,159,4,,0,70,,9089,159,4,,0,32,,9097,159,4,,0,70,,9071,159,4,,0,30,,9088,159,4,,0,70,,9093,159,4,,0,30,,9067,159,4,,0,70,,9094,159,4,,0,30,,9087,159,4,,0,69,,9084,159,4,,0,30,,9092,159,4,,0,70,,9082,159,4,,0,30,,9075,159,4,,0,70,,9072,159,4,,0,30,,9078,159,4,,0,70,,9083,159,4,,0,27,,9070,159,4,,0,70,,9074,159,4,,0,30,,9080,159,4,,0,70,,9096,159,4,,0,100,,9095,159,4,,0,29,,9077,159,4,,0,100,,9091,159,4,,0
2000200,'750deb35-6d38-499c-8a21-680b50a42db7',924,,9111,159,4,,0,100,,9108,159,4,,0,30,,9100,159,4,,0,100,,9115,159,4,,0,72,,9114,159,4,,0,100,,9107,159,4,,0,30,,9110,159,4,,0,100,,9113,159,4,,0,70,,9099,159,4,,0,100,,9102,159,4,,0,30,,9103,159,4,,0,100,,9112,159,4,,0,70,,9104,159,4,,0,98,,9101,159,4,,0,30,,9105,159,4,,0,100,,9098,159,4,,0,68,,9109,159,4,,0,100,,9106,159,4,,0
2000200,'b8cf426a-e7c2-4b1e-a046-1a350c71ef6f',724,,9122,159,4,,0,30,,9142,159,4,,0,70,,9139,159,4,,0,30,,9134,159,4,,0,70,,9129,159,4,,0,30,,9127,159,4,,0,70,,9128,159,4,,0,30,,9119,159,4,,0,70,,9144,159,4,,0,30,,9126,159,4,,0,70,,9138,159,4,,0,32,,9135,159,4,,0,70,,9140,159,4,,0,30,,9143,159,4,,0,70,,9124,159,4,,0,30,,9120,159,4,,0,70,,9136,159,4,,0,30,,9116,159,4,,0,70,,9141,159,4,,0,30,,9132,159,4,,0,70,,9121,159,4,,0,30,,9117,159,4,,0,70,,9125,159,4,,0,30,,9133,159,4,,0,70,,9123,159,4,,0,28,,9130,159,4,,0,70,,9137,159,4,,0,100,,9145,159,4,,0,28,,9118,159,4,,0,100,,9131,159,4,,0
2000200,'eff94312-f97b-4885-9572-54f138618b00',924,,9152,159,4,,0,100,,9156,159,4,,0,30,,9159,159,4,,0,100,,9155,159,4,,0,72,,9150,159,4,,0,100,,9148,159,4,,0,30,,9160,159,4,,0,100,,9149,159,4,,0,70,,9147,159,4,,0,100,,9163,159,4,,0,30,,9158,159,4,,0,100,,9146,159,4,,0,70,,9157,159,4,,0,98,,9151,159,4,,0,30,,9161,159,4,,0,100,,9162,159,4,,0,68,,9154,159,4,,0,100,,9153,159,4,,0
2000700,'00b4df37-9ead-4621-87b1-b10de39e7a53',1027,,9173,201,4,,0,100,,9165,201,4,,0,100,,9175,201,4,,0,100,,9167,201,4,,0,100,,9169,201,4,,0,100,,9171,201,4,,0,100,,9170,201,4,,0,100,,9172,201,4,,0,100,,9174,201,4,,0,102,,9164,201,4,,0,100,,9166,201,4,,0,100,,9168,201,4,,0
2000700,'1f462966-7865-4a53-81e8-bf17edfc4a48',626,,9187,201,4,,0,30,,9179,201,4,,0,70,,9207,201,4,,0,30,,9192,201,4,,0,72,,9199,201,4,,0,28,,9181,201,4,,0,72,,9177,201,4,,0,28,,9193,201,4,,0,71,,9189,201,4,,0,30,,9185,201,4,,0,70,,9202,201,4,,0,30,,9209,201,4,,0,70,,9204,201,4,,0,30,,9186,201,4,,0,70,,9191,201,4,,0,30,,9188,201,4,,0,72,,9196,201,4,,0,28,,9190,201,4,,0,70,,9184,201,4,,0,30,,9180,201,4,,0,70,,9195,201,4,,0,30,,9194,201,4,,0,70,,9183,201,4,,0,30,,9205,201,4,,0,69,,9203,201,4,,0,30,,9206,201,4,,0,72,,9198,201,4,,0,30,,9208,201,4,,0,72,,9197,201,4,,0,98,,9178,201,4,,0,98,,9200,201,4,,0,96,,9182,201,4,,0
2000700,'750deb35-6d38-499c-8a21-680b50a42db7',1027,,9211,201,4,,0,100,,9218,201,4,,0,100,,9215,201,4,,0,100,,9219,201,4,,0,100,,9210,201,4,,0,100,,9216,201,4,,0,100,,9212,201,4,,0,100,,9214,201,4,,0,100,,9213,201,4,,0,102,,9220,201,4,,0,100,,9222,201,4,,0,100,,9221,201,4,,0
2000700,'b8cf426a-e7c2-4b1e-a046-1a350c71ef6f',726,,9249,201,4,,0,30,,9230,201,4,,0,72,,9251,201,4,,0,30,,9231,201,4,,0,70,,9235,201,4,,0,30,,9233,201,4,,0,69,,9245,201,4,,0,30,,9250,201,4,,0,70,,9246,201,4,,0,30,,9238,201,4,,0,70,,9253,201,4,,0,30,,9223,201,4,,0,70,,9243,201,4,,0,30,,9234,201,4,,0,70,,9236,201,4,,0,30,,9247,201,4,,0,70,,9232,201,4,,0,30,,9241,201,4,,0,70,,9225,201,4,,0,30,,9239,201,4,,0,70,,9237,201,4,,0,30,,9228,201,4,,0,70,,9224,201,4,,0,30,,9240,201,4,,0,72,,9248,201,4,,0,30,,9227,201,4,,0,70,,9242,201,4,,0,100,,9226,201,4,,0,96,,9252,201,4,,0,100,,9229,201,4,,0
2000700,'eff94312-f97b-4885-9572-54f138618b00',1027,,9266,201,4,,0,100,,9256,201,4,,0,100,,9254,201,4,,0,100,,9261,201,4,,0,100,,9257,201,4,,0,100,,9263,201,4,,0,100,,9259,201,4,,0,100,,9265,201,4,,0,100,,9260,201,4,,0,102,,9262,201,4,,0,100,,9264,201,4,,0,100,,9258,201,4,,0
2000801,'00b4df37-9ead-4621-87b1-b10de39e7a53',1000,45,9432,139,,,0,100,45,9424,260,,,0,100,45,9433,260,,,0,100,45,9422,260,,,0,100,45,9420,260,,,0,100,45,9426,260,,,0,100,45,9425,260,,,0,100,45,9431,260,,,0,55,5,9429,260,,,0,100,5,9423,260,,,0,100,5,9428,260,,,0,99,5,9427,260,,,0,100,5,9421,260,,,0
2000801,'1f462966-7865-4a53-81e8-bf17edfc4a48',535,5,9465,139,,,0,100,5,9439,139,,,0,21,5,9463,260,,,0,70,5,9455,260,,,0,30,5,9458,215,,,0,70,5,9440,260,,,0,32,5,9442,260,,,0,70,5,9441,260,,,0,29,5,9443,260,,,0,70,5,9456,260,,,0,31,5,9462,260,,,0,72,5,9445,260,,,0,70,45,9438,260,,,0,30,5,9466,260,,,0,71,45,9461,260,,,0,30,5,9434,260,,,0,70,45,9452,260,,,0,28,3,9444,260,,,0,30,3,9437,215,,,0,73,3,9459,260,,,0,72,45,9454,260,,,0,30,5,9449,260,,,0,70,45,9453,260,,,0,31,5,9451,260,,,0,71,5,9435,260,,,0,26,5,9446,260,,,0,68,45,9436,260,,,0,101,45,9450,260,,,0,100,45,9457,260,,,0,55,5,9447,260,,,0,100,5,9467,260,,,0,100,5,9448,260,,,0
2000801,'750deb35-6d38-499c-8a21-680b50a42db7',1000,45,9469,139,,,0,100,45,9468,260,,,0,100,45,9481,260,,,0,100,45,9472,260,,,0,100,45,9479,260,,,0,100,45,9473,260,,,0,100,45,9476,260,,,0,100,45,9480,260,,,0,55,5,9475,260,,,0,100,5,9478,260,,,0,100,5,9474,260,,,0,99,5,9477,260,,,0,100,5,9470,260,,,0
2000801,'b8cf426a-e7c2-4b1e-a046-1a350c71ef6f',726,5,9486,139,,,0,30,5,9502,139,,,0,70,5,9508,260,,,0,32,5,9498,260,,,0,70,5,9493,260,,,0,29,5,9487,260,,,0,70,5,9504,260,,,0,73,45,9510,260,,,0,30,5,9509,260,,,0,70,45,9495,260,,,0,30,5,9512,260,,,0,71,45,9511,260,,,0,30,5,9494,260,,,0,70,45,9492,260,,,0,30,5,9503,260,,,0,70,45,9488,260,,,0,30,5,9491,260,,,0,70,45,9482,260,,,0,30,5,9490,260,,,0,70,45,9500,260,,,0,32,5,9485,260,,,0,71,45,9489,260,,,0,28,5,9483,260,,,0,68,45,9497,260,,,0,101,45,9484,260,,,0,100,45,9501,260,,,0,55,5,9496,260,,,0,100,5,9499,260,,,0,100,5,9507,260,,,0
2000801,'eff94312-f97b-4885-9572-54f138618b00',1000,45,9515,139,,,0,100,45,9520,260,,,0,100,45,9521,260,,,0,100,45,9525,260,,,0,100,45,9522,260,,,0,100,45,9523,260,,,0,100,45,9519,260,,,0,100,45,9518,260,,,0,55,5,9513,260,,,0,100,5,9517,260,,,0,100,5,9526,260,,,0,99,5,9514,260,,,0,100,5,9524,260,,,0
2001200,'00b4df37-9ead-4621-87b1-b10de39e7a53',840,3,9534,105,,,0,100,3,9537,105,,,0,100,3,9539,105,,,0,100,3,9527,105,,,0,103,3,9528,105,,,0,108,2,9531,105,,,0,100,2,9538,105,,,0,150,42,9535,105,,,0,100,42,9540,105,,,0,110,2,9529,105,,,0,100,2,9533,105,,,0,99,3,9532,105,,,0,100,3,9530,105,,,0,102,3,9536,105,,,0
2001200,'1f462966-7865-4a53-81e8-bf17edfc4a48',542,,9568,105,,,0,75,,9556,105,,,0,25,3,9552,105,,,0,70,3,9564,105,,,0,33,3,9566,105,,,0,74,3,9547,105,,,0,33,3,9542,105,,,0,70,3,9559,105,,,0,35,3,9551,105,,,0,75,3,9555,105,,,0,70,43,9543,105,,,0,30,3,9563,105,,,0,75,3,9544,105,,,0,33,2,9572,105,,,0,70,2,9557,105,,,0,30,2,9541,105,,,0,76,3,9550,105,,,0,35,3,9546,105,,,0,79,2,9553,105,,,0,75,2,9570,105,,,0,35,2,9565,105,,,0,75,2,9561,105,,,0,35,2,9562,105,,,0,75,2,9569,105,,,0,75,42,9558,105,,,0,20,2,9548,105,,,0,35,2,9554,105,,,0,75,2,9549,105,,,0,75,2,9573,105,,,0,30,2,9560,105,,,0,70,2,9567,105,,,0,100,2,9545,105,,,0,100,2,9571,105,,,0
2001200,'750deb35-6d38-499c-8a21-680b50a42db7',840,3,9582,105,,,0,100,3,9586,105,,,0,100,3,9575,105,,,0,100,3,9577,105,,,0,103,3,9580,105,,,0,108,2,9578,105,,,0,100,2,9579,105,,,0,150,42,9583,105,,,0,100,42,9581,105,,,0,110,2,9585,105,,,0,100,2,9584,105,,,0,99,3,9587,105,,,0,100,3,9576,105,,,0,102,3,9574,105,,,0
2001200,'b8cf426a-e7c2-4b1e-a046-1a350c71ef6f',653,2,9608,105,,,0,70,2,9615,105,,,0,30,2,9610,105,,,0,71,3,9588,105,,,0,30,3,9604,105,,,0,70,3,9614,105,,,0,30,3,9591,105,,,0,70,3,9617,105,,,0,33,3,9595,105,,,0,70,3,9618,105,,,0,30,3,9601,105,,,0,83,2,9602,105,,,0,70,2,9589,105,,,0,30,2,9597,105,,,0,70,2,9607,105,,,0,39,2,9606,105,,,0,70,2,9613,105,,,0,30,2,9611,105,,,0,70,2,9590,105,,,0,40,2,9598,105,,,0,70,2,9603,105,,,0,30,2,9612,105,,,0,70,2,9594,105,,,0,79,3,9596,105,,,0,28,,9592,105,,,0,72,3,9605,105,,,0,30,3,9609,105,,,0,70,3,9619,105,,,0,30,3,9593,105,,,0,70,3,9616,105,,,0,100,3,9600,105,,,0,100,3,9599,105,,,0
2001200,'eff94312-f97b-4885-9572-54f138618b00',840,3,9630,105,,,0,100,3,9623,105,,,0,100,3,9626,105,,,0,100,3,9624,105,,,0,103,3,9632,105,,,0,108,2,9627,105,,,0,100,2,9633,105,,,0,150,42,9629,105,,,0,100,42,9628,105,,,0,110,2,9620,105,,,0,100,2,9622,105,,,0,99,3,9621,105,,,0,100,3,9625,105,,,0,102,3,9631,105,,,0
