1000,'154e90ef-54de-4aa1-b79a-9173c729f119',810,,11435,0,,,0,95,,11435,254,4,,0,5,,11446,0,,,0,95,,11446,254,4,,0,5,,11445,0,,,0,95,,11445,254,4,,0,5,,11444,0,,,0,95,,11444,254,4,,0,5,,11436,0,,,0,96,,11436,254,4,,0,4,,11441,0,,,0,96,,11441,254,4,,0,4,,11432,0,,,0,96,,11432,254,4,,0,4,,11439,0,,,0,96,,11439,254,4,,0,4,,11433,0,,,0,96,,11433,254,4,,0,4,,11442,0,,,0,95,,11442,254,4,,0,5,,11440,0,,,0,95,,11440,254,4,,0,5,,11438,0,,,0,95,,11438,254,4,,0,5,,11443,0,,,0,95,,11443,254,4,,0,5,,11437,0,,,0,95,,11437,254,4,,0,5,,11434,0,,,0,95,,11434,254,4,,0
1000,'3b5cc12f-d524-4b7c-b6d8-62db320c9a8e',810,,11451,0,,,0,95,,11451,254,4,,0,5,,11449,0,,,0,95,,11449,254,4,,0,5,,11458,0,,,0,95,,11458,254,4,,0,5,,11447,0,,,0,95,,11447,254,4,,0,5,,11452,0,,,0,96,,11452,254,4,,0,4,,11454,0,,,0,96,,11454,254,4,,0,4,,11455,0,,,0,96,,11455,254,4,,0,4,,11457,0,,,0,96,,11457,254,4,,0,4,,11459,0,,,0,96,,11459,254,4,,0,4,,11453,0,,,0,95,,11453,254,4,,0,5,,11450,0,,,0,95,,11450,254,4,,0,5,,11456,0,,,0,95,,11456,254,4,,0,5,,11448,0,,,0,95,,11448,254,4,,0,5,,11460,0,,,0,95,,11460,254,4,,0,5,,11461,0,,,0,95,,11461,254,4,,0
1000,'a6b3ab3d-1ac4-4a06-b509-275cdf46045a',540,,11491,0,,,0,70,,11466,0,,,0,25,,11491,254,4,,0,5,,11486,0,,,0,65,,11466,254,4,,0,5,,11487,0,,,0,25,,11486,254,4,,0,5,,11471,0,,,0,65,,11487,254,4,,0,5,,11484,0,,,0,25,,11471,254,4,,0,5,,11465,0,,,0,65,,11484,254,4,,0,5,,11496,0,,,0,25,,11465,254,4,,0,5,,11474,0,,,0,65,,11496,254,4,,0,5,,11473,0,,,0,25,,11474,254,4,,0,5,,11488,0,,,0,65,,11473,254,4,,0,5,,11482,0,,,0,25,,11488,254,4,,0,5,,11475,0,,,0,66,,11482,254,4,,0,4,,11495,0,,,0,26,,11475,254,4,,0,4,,11462,0,,,0,66,,11495,254,4,,0,4,,11472,0,,,0,26,,11462,254,4,,0,4,,11464,0,,,0,66,,11472,254,4,,0,4,,11470,0,,,0,26,,11464,254,4,,0,4,,11492,0,,,0,66,,11470,254,4,,0,4,,11493,0,,,0,26,,11492,254,4,,0,4,,11477,0,,,0,66,,11493,254,4,,0,4,,11476,0,,,0,26,,11477,254,4,,0,4,,11480,0,,,0,66,,11476,254,4,,0,4,,11494,0,,,0,25,,11480,254,4,,0,5,,11490,0,,,0,65,,11494,254,4,,0,5,,11483,0,,,0,25,,11490,254,4,,0,5,,11468,0,,,0,65,,11483,254,4,,0,5,,11467,0,,,0,25,,11468,254,4,,0,5,,11469,0,,,0,65,,11467,254,4,,0,5,,11485,0,,,0,25,,11469,254,4,,0,5,,11463,0,,,0,65,,11485,254,4,,0,5,,11478,0,,,0,25,,11463,254,4,,0,5,,11479,0,,,0,65,,11478,254,4,,0,30,,11479,254,4,,0,5,,11489,0,,,0,95,,11489,254,4,,0,5,,11481,0,,,0,95,,11481,254,4,,0
1000,'d4c40aff-0350-4cc0-a892-e4b60fbcfb5b',710,,11523,0,,,0,30,,11524,0,,,0,65,,11523,254,4,,0,5,,11509,0,,,0,25,,11524,254,4,,0,5,,11500,0,,,0,65,,11509,254,4,,0,5,,11528,0,,,0,25,,11500,254,4,,0,5,,11516,0,,,0,65,,11528,254,4,,0,5,,11511,0,,,0,25,,11516,254,4,,0,5,,11522,0,,,0,65,,11511,254,4,,0,5,,11527,0,,,0,25,,11522,254,4,,0,5,,11518,0,,,0,66,,11527,254,4,,0,4,,11501,0,,,0,26,,11518,254,4,,0,4,,11519,0,,,0,66,,11501,254,4,,0,4,,11520,0,,,0,26,,11519,254,4,,0,4,,11525,0,,,0,66,,11520,254,4,,0,4,,11510,0,,,0,26,,11525,254,4,,0,4,,11513,0,,,0,66,,11510,254,4,,0,4,,11508,0,,,0,26,,11513,254,4,,0,4,,11503,0,,,0,66,,11508,254,4,,0,4,,11507,0,,,0,26,,11503,254,4,,0,4,,11497,0,,,0,66,,11507,254,4,,0,4,,11498,0,,,0,25,,11497,254,4,,0,5,,11514,0,,,0,65,,11498,254,4,,0,5,,11526,0,,,0,25,,11514,254,4,,0,5,,11505,0,,,0,65,,11526,254,4,,0,5,,11506,0,,,0,25,,11505,254,4,,0,5,,11517,0,,,0,65,,11506,254,4,,0,5,,11502,0,,,0,25,,11517,254,4,,0,5,,11521,0,,,0,65,,11502,254,4,,0,5,,11512,0,,,0,25,,11521,254,4,,0,5,,11515,0,,,0,65,,11512,254,4,,0,30,,11515,254,4,,0,5,,11504,0,,,0,95,,11504,254,4,,0,5,,11499,0,,,0,95,,11499,254,4,,0
10000,'154e90ef-54de-4aa1-b79a-9173c729f119',742,,11645,0,,,0,84,,11645,139,4,,0,5,,11642,0,,,0,84,,11642,139,4,,0,5,,11637,0,,,0,84,,11637,139,4,,0,5,,11628,0,,,0,44,,11628,139,4,,0,5,,11652,0,,,0,64,,11640,0,,,0,20,,11652,139,4,,0,5,,11647,0,,,0,59,,11640,139,4,,0,5,,11632,0,,,0,20,,11647,139,4,,0,5,,11634,0,,,0,19,,11632,139,4,,0,45,,11643,0,,,0,20,,11634,139,4,,0,5,,11641,0,,,0,19,,11643,139,4,,0,5,,11625,0,,,0,60,,11641,139,4,,0,5,,11638,0,,,0,19,,11625,139,4,,0,5,,11646,0,,,0,20,,11638,139,4,,0,45,,11635,0,,,0,19,,11646,139,4,,0,5,,11629,0,,,0,20,,11635,139,4,,0,5,,11649,0,,,0,59,,11629,139,4,,0,6,,11631,0,,,0,19,,11649,139,4,,0,7,,11650,0,,,0,58,,11631,139,4,,0,7,,11648,0,,,0,19,,11650,139,4,,0,7,,11626,0,,,0,18,,11648,139,4,,0,7,,11627,0,,,0,57,,11626,139,4,,0,25,,11627,139,4,,0,5,,11651,0,,,0,82,,11651,139,4,,0,5,,11630,0,,,0,82,,11630,139,4,,0,5,,11639,0,,,0,82,,11639,139,4,,0,5,,11633,0,,,0,41,,11633,139,4,,0,5,,11636,0,,,0,81,,11636,139,4,,0,5,,11644,0,,,0,81,,11644,139,4,,0
10000,'3b5cc12f-d524-4b7c-b6d8-62db320c9a8e',742,,11658,0,,,0,84,,11658,139,4,,0,5,,11653,0,,,0,84,,11653,139,4,,0,5,,11669,0,,,0,84,,11669,139,4,,0,5,,11672,0,,,0,44,,11672,139,4,,0,5,,11655,0,,,0,64,,11656,0,,,0,20,,11655,139,4,,0,5,,11666,0,,,0,59,,11656,139,4,,0,5,,11675,0,,,0,20,,11666,139,4,,0,5,,11654,0,,,0,19,,11675,139,4,,0,45,,11665,0,,,0,20,,11654,139,4,,0,5,,11657,0,,,0,19,,11665,139,4,,0,5,,11676,0,,,0,60,,11657,139,4,,0,5,,11677,0,,,0,19,,11676,139,4,,0,5,,11661,0,,,0,20,,11677,139,4,,0,45,,11660,0,,,0,19,,11661,139,4,,0,5,,11680,0,,,0,20,,11660,139,4,,0,5,,11668,0,,,0,59,,11680,139,4,,0,6,,11679,0,,,0,19,,11668,139,4,,0,7,,11667,0,,,0,58,,11679,139,4,,0,7,,11670,0,,,0,19,,11667,139,4,,0,7,,11671,0,,,0,18,,11670,139,4,,0,7,,11663,0,,,0,57,,11671,139,4,,0,25,,11663,139,4,,0,5,,11659,0,,,0,82,,11659,139,4,,0,5,,11674,0,,,0,82,,11674,139,4,,0,5,,11678,0,,,0,82,,11678,139,4,,0,5,,11662,0,,,0,41,,11662,139,4,,0,5,,11664,0,,,0,81,,11664,139,4,,0,5,,11673,0,,,0,81,,11673,139,4,,0
10000,'a6b3ab3d-1ac4-4a06-b509-275cdf46045a',706,,11696,0,,,0,19,,11702,0,,,0,23,,11696,139,4,,0,6,,11700,0,,,0,55,,11702,139,4,,0,7,,11699,0,,,0,22,,11700,139,4,,0,5,,11685,0,,,0,57,,11699,139,4,,0,7,,11709,0,,,0,20,,11685,139,4,,0,5,,11690,0,,,0,19,,11709,139,4,,0,5,,11717,0,,,0,60,,11690,139,4,,0,5,,11706,0,,,0,19,,11717,139,4,,0,5,,11683,0,,,0,60,,11706,139,4,,0,5,,11701,0,,,0,19,,11683,139,4,,0,5,,11688,0,,,0,20,,11701,139,4,,0,5,,11698,0,,,0,59,,11688,139,4,,0,5,,11713,0,,,0,20,,11698,139,4,,0,5,,11681,0,,,0,59,,11713,139,4,,0,6,,11714,0,,,0,21,,11681,139,4,,0,5,,11715,0,,,0,20,,11714,139,4,,0,45,,11684,0,,,0,21,,11715,139,4,,0,5,,11682,0,,,0,20,,11684,139,4,,0,5,,11692,0,,,0,61,,11682,139,4,,0,5,,11704,0,,,0,18,,11692,139,4,,0,6,,11687,0,,,0,60,,11704,139,4,,0,5,,11712,0,,,0,19,,11687,139,4,,0,5,,11707,0,,,0,20,,11712,139,4,,0,5,,11716,0,,,0,59,,11707,139,4,,0,5,,11689,0,,,0,18,,11716,139,4,,0,5,,11708,0,,,0,59,,11689,139,4,,0,5,,11694,0,,,0,18,,11708,139,4,,0,5,,11718,0,,,0,19,,11694,139,4,,0,5,,11697,0,,,0,58,,11718,139,4,,0,5,,11686,0,,,0,19,,11697,139,4,,0,5,,11693,0,,,0,58,,11686,139,4,,0,5,,11710,0,,,0,18,,11693,139,4,,0,5,,11705,0,,,0,18,,11710,139,4,,0,5,,11703,0,,,0,58,,11705,139,4,,0,5,,11691,0,,,0,18,,11703,139,4,,0,5,,11711,0,,,0,18,,11691,139,4,,0,63,,11711,139,4,,0,5,,11695,0,,,0,81,,11695,139,4,,0
10000,'d4c40aff-0350-4cc0-a892-e4b60fbcfb5b',740,,11725,0,,,0,64,,11723,0,,,0,20,,11725,139,4,,0,5,,11731,0,,,0,19,,11723,139,4,,0,5,,11726,0,,,0,60,,11731,139,4,,0,5,,11748,0,,,0,19,,11726,139,4,,0,5,,11729,0,,,0,60,,11748,139,4,,0,5,,11752,0,,,0,19,,11729,139,4,,0,5,,11742,0,,,0,20,,11752,139,4,,0,5,,11738,0,,,0,59,,11742,139,4,,0,5,,11734,0,,,0,20,,11738,139,4,,0,5,,11727,0,,,0,59,,11734,139,4,,0,5,,11719,0,,,0,20,,11727,139,4,,0,5,,11740,0,,,0,19,,11719,139,4,,0,5,,11753,0,,,0,60,,11740,139,4,,0,5,,11720,0,,,0,19,,11753,139,4,,0,5,,11741,0,,,0,60,,11720,139,4,,0,5,,11744,0,,,0,19,,11741,139,4,,0,5,,11754,0,,,0,20,,11744,139,4,,0,45,,11733,0,,,0,19,,11754,139,4,,0,6,,11745,0,,,0,19,,11733,139,4,,0,7,,11730,0,,,0,58,,11745,139,4,,0,7,,11722,0,,,0,19,,11730,139,4,,0,7,,11732,0,,,0,58,,11722,139,4,,0,7,,11735,0,,,0,19,,11732,139,4,,0,7,,11751,0,,,0,18,,11735,139,4,,0,7,,11728,0,,,0,57,,11751,139,4,,0,5,,11749,0,,,0,20,,11728,139,4,,0,5,,11747,0,,,0,57,,11749,139,4,,0,5,,11746,0,,,0,20,,11747,139,4,,0,5,,11739,0,,,0,17,,11746,139,4,,0,5,,11736,0,,,0,60,,11739,139,4,,0,5,,11737,0,,,0,16,,11736,139,4,,0,5,,11724,0,,,0,60,,11737,139,4,,0,5,,11750,0,,,0,16,,11724,139,4,,0,6,,11743,0,,,0,19,,11750,139,4,,0,62,,11743,139,4,,0,5,,11721,0,,,0,41,,11721,139,4,,0
1000700,'154e90ef-54de-4aa1-b79a-9173c729f119',1016,2,12081,167,,,0,100,2,12085,167,,,0,100,2,12080,167,,,0,100,2,12076,167,,,0,100,2,12079,167,,,0,100,2,12078,167,,,0,100,2,12082,167,,,0,100,2,12087,167,,,0,100,2,12074,167,,,0,100,2,12086,167,,,0,100,2,12075,167,,,0,99,2,12083,167,,,0,98,,12077,114,4,,0
1000700,'3b5cc12f-d524-4b7c-b6d8-62db320c9a8e',1016,2,12089,167,,,0,100,2,12088,167,,,0,100,2,12093,167,,,0,100,2,12092,167,,,0,100,2,12091,167,,,0,100,2,12101,167,,,0,100,2,12096,167,,,0,100,2,12097,167,,,0,100,2,12094,167,,,0,100,2,12098,167,,,0,100,2,12100,167,,,0,99,2,12099,167,,,0,98,,12095,114,4,,0
1000700,'a6b3ab3d-1ac4-4a06-b509-275cdf46045a',618,3,12103,167,,,0,30,3,12106,167,,,0,68,2,12116,167,,,0,23,,12131,167,,,0,77,2,12119,167,,,0,23,,12126,167,,,0,77,2,12111,167,,,0,30,2,12130,167,,,0,70,2,12118,167,,,0,30,2,12121,167,,,0,70,2,12123,167,,,0,30,2,12110,167,,,0,70,2,12109,167,,,0,30,2,12117,167,,,0,70,2,12105,167,,,0,30,2,12125,167,,,0,68,,12127,167,,,0,30,,12122,167,,,0,70,,12104,167,,,0,30,,12129,167,,,0,70,,12128,167,,,0,30,,12108,167,,,0,69,2,12112,167,,,0,30,2,12113,167,,,0,72,2,12107,167,,,0,30,2,12120,167,,,0,72,2,12115,167,,,0,98,2,12124,167,,,0,101,2,12102,167,,,0,98,2,12134,167,,,0,102,2,12133,167,,,0,96,2,12132,123,,,0
1000700,'d4c40aff-0350-4cc0-a892-e4b60fbcfb5b',716,,12160,167,,,0,30,,12157,167,,,0,70,,12156,167,,,0,30,,12140,167,,,0,70,2,12153,167,,,0,30,2,12148,167,,,0,70,2,12136,167,,,0,30,2,12167,167,,,0,70,2,12162,167,,,0,30,2,12155,167,,,0,70,2,12141,167,,,0,30,2,12139,167,,,0,70,2,12152,167,,,0,30,2,12151,167,,,0,70,2,12161,167,,,0,30,2,12145,167,,,0,70,2,12144,167,,,0,30,2,12166,167,,,0,70,2,12143,167,,,0,30,2,12163,167,,,0,70,2,12138,167,,,0,30,2,12159,167,,,0,70,2,12137,167,,,0,30,2,12154,167,,,0,70,2,12165,167,,,0,100,2,12164,167,,,0,99,2,12150,167,,,0,100,2,12158,167,,,0,100,2,12147,167,,,0,98,,12149,114,4,,0
1000800,'154e90ef-54de-4aa1-b79a-9173c729f119',850,2,12181,22,,,0,101,2,12191,22,,,0,100,2,12190,22,,,0,100,2,12192,22,,,0,100,2,12172,22,,,0,100,2,12175,22,,,0,100,2,12168,22,,,0,100,2,12174,22,,,0,100,2,12173,22,,,0,100,2,12194,22,,,0,100,2,12171,22,,,0,100,2,12185,22,,,0,100,2,12187,22,,,0
1000800,'3b5cc12f-d524-4b7c-b6d8-62db320c9a8e',850,2,12204,22,,,0,101,2,12209,22,,,0,100,2,12211,22,,,0,100,2,12217,22,,,0,100,2,12214,22,,,0,100,2,12219,22,,,0,100,2,12196,22,,,0,100,2,12198,22,,,0,100,2,12197,22,,,0,100,2,12207,22,,,0,100,2,12208,22,,,0,100,2,12205,22,,,0,100,2,12215,22,,,0
1000800,'a6b3ab3d-1ac4-4a06-b509-275cdf46045a',520,2,12258,118,,,0,30,2,12249,118,,,0,70,2,12255,268,,,0,30,2,12226,268,,,0,70,2,12251,268,,,0,30,2,12254,268,,,0,71,2,12245,227,,,0,30,2,12241,268,,,0,70,2,12261,268,,,0,30,2,12250,268,,,0,70,2,12246,268,,,0,30,2,12259,268,,,0,70,2,12230,268,,,0,30,2,12260,268,,,0,70,2,12247,268,,,0,30,2,12232,268,,,0,70,2,12252,268,,,0,30,2,12240,268,,,0,70,2,12237,268,,,0,30,2,12227,268,,,0,70,2,12257,227,,,0,30,2,12248,268,,,0,70,2,12236,268,,,0,30,2,12256,268,,,0,72,4,12231,268,,,0,30,4,12244,268,,,0,70,4,12223,268,,,0,30,4,12242,268,,,0,68,,12235,174,4,,0,30,2,12238,268,,,0,100,2,12234,22,,,0,99,2,12228,22,,,0,100,2,12229,22,,,0,104,2,12243,22,,,0,94,,12224,25,4,,0
1000800,'d4c40aff-0350-4cc0-a892-e4b60fbcfb5b',650,,12275,0,,,0,70,,12285,0,,,0,30,2,12277,118,,,0,71,2,12288,268,,,0,30,2,12292,268,,,0,70,2,12294,268,,,0,30,2,12265,268,,,0,70,2,12270,268,,,0,30,2,12280,268,,,0,70,2,12281,268,,,0,30,2,12295,268,,,0,70,2,12278,268,,,0,30,2,12286,268,,,0,70,2,12264,268,,,0,30,2,12267,268,,,0,70,2,12268,268,,,0,30,2,12289,268,,,0,70,2,12287,268,,,0,30,2,12276,268,,,0,70,2,12282,268,,,0,30,2,12290,268,,,0,72,4,12284,268,,,0,30,4,12271,268,,,0,70,4,12279,268,,,0,30,4,12297,268,,,0,66,,12296,174,4,,0,32,2,12291,268,,,0,100,2,12262,22,,,0,99,2,12298,22,,,0,100,2,12283,22,,,0,100,2,12273,22,,,0,98,,12272,25,4,,0
1001200,'154e90ef-54de-4aa1-b79a-9173c729f119',851,2,12406,116,,,0,100,2,12395,116,,,0,100,2,12398,116,,,0,103,2,12400,116,,,0,104,4,12396,116,,,0,100,4,12397,116,,,0,150,4,12401,116,,,0,100,4,12399,116,,,0,110,4,12408,116,,,0,100,4,12407,116,,,0,103,2,12405,116,,,0,100,2,12404,116,,,0,102,4,12403,116,,,0,100,4,12402,116,,,0
1001200,'3b5cc12f-d524-4b7c-b6d8-62db320c9a8e',851,2,12420,116,,,0,100,2,12415,116,,,0,100,2,12416,116,,,0,103,2,12421,116,,,0,104,4,12414,116,,,0,100,4,12410,116,,,0,150,4,12417,116,,,0,100,4,12422,116,,,0,110,4,12409,116,,,0,100,4,12419,116,,,0,103,2,12412,116,,,0,100,2,12418,116,,,0,102,4,12413,116,,,0,100,4,12411,116,,,0
1001200,'a6b3ab3d-1ac4-4a06-b509-275cdf46045a',554,,12435,0,,,0,67,2,12445,116,,,0,32,2,12436,116,,,0,74,2,12444,116,,,0,32,3,12429,116,,,0,70,3,12424,116,,,0,75,3,12448,116,,,0,35,3,12425,116,,,0,70,3,12439,116,,,0,30,3,12431,116,,,0,75,3,12438,116,,,0,35,3,12453,116,,,0,70,3,12428,116,,,0,30,3,12423,116,,,0,75,3,12452,116,,,0,35,3,12441,116,,,0,74,5,12449,116,,,0,75,5,12427,116,,,0,35,5,12440,116,,,0,75,5,12443,116,,,0,35,5,12437,116,,,0,75,5,12434,116,,,0,75,45,12451,116,,,0,29,5,12442,116,,,0,75,5,12433,116,,,0,35,5,12430,116,,,0,75,5,12432,116,,,0,30,5,12446,116,,,0,70,5,12450,116,,,0,100,5,12454,116,,,0,100,5,12447,116,,,0,105,,12426,116,,,0
1001200,'d4c40aff-0350-4cc0-a892-e4b60fbcfb5b',705,4,12472,116,,,0,30,2,12463,116,,,0,70,2,12459,116,,,0,30,2,12458,116,,,0,70,2,12485,116,,,0,30,2,12473,116,,,0,73,2,12470,116,,,0,30,2,12474,116,,,0,70,2,12464,116,,,0,38,4,12469,116,,,0,70,4,12460,116,,,0,30,4,12484,116,,,0,70,4,12471,116,,,0,40,4,12467,116,,,0,70,4,12457,116,,,0,30,4,12477,116,,,0,70,4,12481,116,,,0,80,4,12479,116,,,0,30,4,12465,116,,,0,70,4,12483,116,,,0,30,4,12475,116,,,0,80,4,12462,116,,,0,30,4,12461,116,,,0,70,4,12478,116,,,0,30,4,12482,116,,,0,73,4,12455,116,,,0,30,4,12468,116,,,0,70,4,12466,116,,,0,100,4,12476,116,,,0,100,4,12456,116,,,0,100,4,12480,116,,,0
