1100,'00b4df37-9ead-4621-87b1-b10de39e7a53',858,,7865,105,,,0,100,,7853,105,,,0,100,,7856,105,,,0,100,,7854,105,,,0,100,,7851,105,,,0,100,,7859,105,,,0,100,,7863,105,,,0,100,,7858,105,,,0,100,,7864,105,,,0,100,,7861,105,,,0,100,,7855,105,,,0,100,,7860,105,,,0,100,,7857,105,,,0,100,,7852,105,,,0,100,,7862,105,,,0
1100,'1f462966-7865-4a53-81e8-bf17edfc4a48',528,,7869,105,,,0,100,,7878,105,,,0,30,,7893,105,,,0,70,,7887,105,,,0,30,,7884,105,,,0,70,,7882,105,,,0,30,,7876,105,,,0,70,,7872,105,,,0,30,,7891,105,,,0,70,,7899,105,,,0,30,,7870,105,,,0,70,,7889,105,,,0,30,,7880,105,,,0,70,,7866,105,,,0,30,,7892,105,,,0,70,,7897,105,,,0,30,,7894,105,,,0,72,,7871,105,,,0,70,,7896,105,,,0,30,,7885,105,,,0,70,,7874,105,,,0,28,,7888,105,,,0,30,,7890,105,,,0,70,,7886,105,,,0,30,,7900,105,,,0,70,,7873,105,,,0,30,,7867,105,,,0,70,,7895,105,,,0,30,,7881,105,,,0,70,,7883,105,,,0,30,,7877,105,,,0,70,,7898,105,,,0,30,,7879,105,,,0,70,,7868,105,,,0,100,,7875,105,,,0
1100,'750deb35-6d38-499c-8a21-680b50a42db7',858,,7908,105,,,0,100,,7910,105,,,0,100,,7912,105,,,0,100,,7911,105,,,0,100,,7909,105,,,0,100,,7904,105,,,0,100,,7902,105,,,0,100,,7915,105,,,0,100,,7901,105,,,0,100,,7907,105,,,0,100,,7906,105,,,0,100,,7903,105,,,0,100,,7905,105,,,0,100,,7914,105,,,0,100,,7913,105,,,0
1100,'b8cf426a-e7c2-4b1e-a046-1a350c71ef6f',758,,7932,105,,,0,70,,7921,105,,,0,30,,7941,105,,,0,70,,7943,105,,,0,30,,7942,105,,,0,70,,7940,105,,,0,30,,7937,105,,,0,70,,7924,105,,,0,30,,7930,105,,,0,70,,7946,105,,,0,30,,7919,105,,,0,70,,7933,105,,,0,30,,7920,105,,,0,70,,7916,105,,,0,30,,7923,105,,,0,70,,7935,105,,,0,30,,7939,105,,,0,70,,7918,105,,,0,30,,7927,105,,,0,70,,7944,105,,,0,30,,7936,105,,,0,70,,7929,105,,,0,30,,7945,105,,,0,70,,7938,105,,,0,30,,7928,105,,,0,70,,7926,105,,,0,30,,7931,105,,,0,70,,7934,105,,,0,30,,7922,105,,,0,70,,7917,105,,,0,100,,7925,105,,,0
1100,'eff94312-f97b-4885-9572-54f138618b00',858,,7956,105,,,0,100,,7951,105,,,0,100,,7961,105,,,0,100,,7950,105,,,0,100,,7958,105,,,0,100,,7955,105,,,0,100,,7959,105,,,0,100,,7957,105,,,0,100,,7952,105,,,0,100,,7954,105,,,0,100,,7960,105,,,0,100,,7947,105,,,0,100,,7949,105,,,0,100,,7948,105,,,0,100,,7953,105,,,0
1000801,'00b4df37-9ead-4621-87b1-b10de39e7a53',924,,8753,85,,,0,103,,8761,85,,,0,100,,8757,85,,,0,100,,8760,85,,,0,100,,8754,85,,,0,100,,8765,85,,,0,100,,8759,85,,,0,100,,8755,85,,,0,101,,8764,85,,,0,97,,8758,85,,,0,100,,8763,85,,,0,100,,8756,85,,,0,100,,8762,67,,,0
1000801,'1f462966-7865-4a53-81e8-bf17edfc4a48',553,,8774,85,,,0,70,,8792,85,,,0,30,,8766,85,,,0,70,,8801,85,,,0,30,,8776,85,,,0,70,,8795,85,,,0,33,,8800,85,,,0,70,,8789,85,,,0,29,,8784,85,,,0,71,,8791,85,,,0,30,,8773,85,,,0,70,,8799,85,,,0,31,,8779,85,,,0,70,,8797,85,,,0,30,,8787,85,,,0,70,,8778,85,,,0,30,,8770,85,,,0,70,,8780,85,,,0,30,,8767,85,,,0,70,,8798,85,,,0,30,,8769,85,,,0,71,,8771,85,,,0,30,,8768,85,,,0,70,,8796,85,,,0,29,,8781,85,,,0,70,,8794,85,,,0,30,,8783,67,,,0,70,,8788,85,,,0,98,,8786,85,,,0,100,,8777,85,,,0,98,,8775,85,,,0,100,,8782,67,,,0,103,,8785,67,,,0
1000801,'750deb35-6d38-499c-8a21-680b50a42db7',924,,8811,85,,,0,103,,8814,85,,,0,100,,8804,85,,,0,100,,8810,85,,,0,100,,8815,85,,,0,100,,8803,85,,,0,100,,8809,85,,,0,100,,8807,85,,,0,101,,8808,85,,,0,97,,8812,85,,,0,100,,8802,85,,,0,100,,8813,85,,,0,100,,8806,67,,,0
1000801,'b8cf426a-e7c2-4b1e-a046-1a350c71ef6f',723,,8816,85,,,0,30,,8831,85,,,0,70,,8822,85,,,0,33,,8844,85,,,0,70,,8847,85,,,0,30,,8832,85,,,0,70,,8846,85,,,0,30,,8825,85,,,0,70,,8841,85,,,0,31,,8828,85,,,0,70,,8835,85,,,0,30,,8833,85,,,0,70,,8837,85,,,0,30,,8820,85,,,0,70,,8842,85,,,0,30,,8838,85,,,0,70,,8821,85,,,0,30,,8840,85,,,0,70,,8826,85,,,0,31,,8817,85,,,0,70,,8834,85,,,0,29,,8829,85,,,0,70,,8823,85,,,0,30,,8824,67,,,0,70,,8836,85,,,0,98,,8819,85,,,0,100,,8818,85,,,0,98,,8827,85,,,0,100,,8843,67,,,0,100,,8845,67,,,0
1000801,'eff94312-f97b-4885-9572-54f138618b00',924,,8857,85,,,0,103,,8856,85,,,0,100,,8859,85,,,0,100,,8852,85,,,0,100,,8854,85,,,0,100,,8855,85,,,0,100,,8850,85,,,0,100,,8858,85,,,0,101,,8853,85,,,0,97,,8851,85,,,0,100,,8860,85,,,0,100,,8849,85,,,0,100,,8861,67,,,0
