1000,'14cacc28-2982-4249-a540-ea9272e9dd35',840,,9715,150,,,0,98,,9729,150,,,0,100,,9725,150,,,0,100,,9720,150,,,0,100,,9726,150,,,0,100,,9719,150,,,0,100,,9718,150,,,0,100,,9716,150,,,0,100,,9724,150,,,0,101,,9728,150,,,0,100,,9723,150,,,0,100,,9722,150,,,0,100,,9717,150,,,0,100,,9721,150,,,0,100,,9727,150,,,0
1000,'4b878b9a-e140-4079-87b4-3f561c421168',740,,9761,150,,,0,68,,9735,150,,,0,30,,9754,150,,,0,70,,9759,150,,,0,30,,9758,150,,,0,70,,9753,150,,,0,30,,9752,150,,,0,70,,9757,150,,,0,30,,9739,150,,,0,70,,9741,150,,,0,30,,9742,150,,,0,70,,9751,150,,,0,30,,9740,150,,,0,70,,9755,150,,,0,30,,9744,150,,,0,70,,9732,150,,,0,30,,9756,150,,,0,70,,9743,150,,,0,30,,9731,150,,,0,71,,9730,150,,,0,30,,9749,150,,,0,70,,9738,150,,,0,30,,9745,150,,,0,70,,9750,150,,,0,30,,9737,150,,,0,70,,9736,150,,,0,30,,9733,150,,,0,70,,9760,150,,,0,30,,9746,150,,,0,70,,9734,150,,,0,100,,9747,150,,,0,100,,9748,150,,,0
1000,'749e498f-7e33-4303-8ce0-f7bae72749a0',840,,9764,150,,,0,98,,9775,150,,,0,100,,9768,150,,,0,100,,9766,150,,,0,100,,9769,150,,,0,100,,9762,150,,,0,100,,9767,150,,,0,100,,9773,150,,,0,100,,9774,150,,,0,101,,9763,150,,,0,100,,9776,150,,,0,100,,9770,150,,,0,100,,9772,150,,,0,100,,9765,150,,,0,100,,9771,150,,,0
1000,'834e95da-96c6-4b8b-ab15-3ce7b44514e1',610,,9799,150,,,0,30,,9791,150,,,0,70,,9802,150,,,0,30,,9800,150,,,0,68,,9794,150,,,0,30,,9809,150,,,0,70,,9790,150,,,0,30,,9808,150,,,0,70,,9806,150,,,0,30,,9807,150,,,0,70,,9787,150,,,0,30,,9785,150,,,0,70,,9781,150,,,0,30,,9777,150,,,0,70,,9793,150,,,0,30,,9805,150,,,0,70,,9789,150,,,0,30,,9784,150,,,0,70,,9797,150,,,0,30,,9801,150,,,0,70,,9782,150,,,0,30,,9792,150,,,0,71,,9783,150,,,0,30,,9796,150,,,0,70,,9810,150,,,0,30,,9788,150,,,0,70,,9803,150,,,0,30,,9804,150,,,0,70,,9778,150,,,0,30,,9795,150,,,0,70,,9798,150,,,0,30,,9811,150,,,0,70,,9786,150,,,0,100,,9779,150,,,0,100,,9780,150,,,0
10000,'14cacc28-2982-4249-a540-ea9272e9dd35',755,,9929,19,,,0,89,,9916,19,,,0,89,,9913,19,,,0,89,,9933,19,,,0,89,,9931,19,,,0,24,,9920,19,,,0,65,41,9908,19,,,0,24,,9915,19,,,0,25,,9926,19,,,0,64,,9935,19,,,0,25,,9924,19,,,0,64,,9912,19,,,0,25,,9932,19,,,0,24,,9930,19,,,0,65,,9928,19,,,0,24,,9922,19,,,0,65,,9914,19,,,0,25,,9925,19,,,0,26,,9910,19,,,0,65,,9911,19,,,0,25,,9921,19,,,0,65,,9927,19,,,0,47,,9919,19,,,0,87,,9934,19,,,0,87,,9917,19,,,0,87,,9909,19,,,0,86,,9923,19,,,0,46,,9918,19,,,0
10000,'4b878b9a-e140-4079-87b4-3f561c421168',753,,9939,19,,,0,64,,9958,19,,,0,25,,9965,19,,,0,64,,9962,19,,,0,25,,9964,19,,,0,24,,9960,19,,,0,65,,9971,19,,,0,24,,9947,19,,,0,65,,9957,19,,,0,24,,9961,19,,,0,25,,9967,19,,,0,64,,9966,19,,,0,25,,9970,19,,,0,64,,9950,19,,,0,25,,9954,19,,,0,64,41,9969,19,,,0,25,,9941,19,,,0,24,,9951,19,,,0,65,,9952,19,,,0,25,,9943,19,,,0,66,,9937,19,,,0,25,,9963,19,,,0,26,,9944,19,,,0,65,,9968,19,,,0,25,,9955,19,,,0,65,,9940,19,,,0,22,,9953,19,,,0,25,,9945,19,,,0,62,,9959,19,,,0,25,,9936,19,,,0,62,,9938,19,,,0,25,,9949,19,,,0,21,,9942,19,,,0,65,,9956,19,,,0,22,,9946,19,,,0,86,,9948,19,,,0
10000,'749e498f-7e33-4303-8ce0-f7bae72749a0',755,,9973,19,,,0,89,,9978,19,,,0,89,,9986,19,,,0,89,,9977,19,,,0,89,,9998,19,,,0,24,,9980,19,,,0,65,41,9974,19,,,0,24,,9976,19,,,0,25,,9990,19,,,0,64,,9985,19,,,0,25,,9992,19,,,0,64,,9999,19,,,0,25,,9988,19,,,0,24,,9975,19,,,0,65,,9989,19,,,0,24,,9995,19,,,0,65,,9996,19,,,0,25,,9993,19,,,0,26,,9972,19,,,0,65,,9987,19,,,0,25,,9991,19,,,0,65,,9997,19,,,0,47,,9983,19,,,0,87,,9994,19,,,0,87,,9979,19,,,0,87,,9984,19,,,0,86,,9982,19,,,0,46,,9981,19,,,0
10000,'834e95da-96c6-4b8b-ab15-3ce7b44514e1',719,,10014,19,,,0,19,,10031,19,,,0,69,,10028,19,,,0,22,,10030,19,,,0,27,,10026,19,,,0,64,,10017,19,,,0,25,,10007,19,,,0,64,,10013,19,,,0,25,,10016,19,,,0,24,,10022,19,,,0,65,,10003,19,,,0,24,,10024,19,,,0,65,,10000,19,,,0,24,,10032,19,,,0,66,,10008,19,,,0,25,,10005,19,,,0,26,,10018,19,,,0,65,,10019,19,,,0,26,,10006,19,,,0,64,,10021,19,,,0,26,,10025,19,,,0,24,,10036,19,,,0,65,,10035,19,,,0,24,,10020,19,,,0,64,,10010,19,,,0,24,,10011,19,,,0,23,,10002,19,,,0,64,,10037,19,,,0,23,,10015,19,,,0,64,,10033,19,,,0,23,,10027,19,,,0,24,,10001,19,,,0,63,,10034,19,,,0,23,,10009,19,,,0,63,,10004,19,,,0,23,,10012,19,,,0,23,,10023,19,,,0,86,,10029,19,,,0
2000800,'14cacc28-2982-4249-a540-ea9272e9dd35',932,,11052,76,,,0,100,,11039,73,,,0,100,,11046,73,,,0,100,,11059,73,,,0,100,,11041,73,,,0,100,,11062,73,,,0,100,,11043,73,,,0,100,,11053,73,,,0,100,,11044,73,,,0,100,,11054,73,,,0,100,,11042,73,,,0,100,,11060,73,,,0,100,,11050,73,,,0
2000800,'4b878b9a-e140-4079-87b4-3f561c421168',703,,11078,73,,,0,29,,11070,73,,,0,70,,11098,73,,,0,30,,11065,132,,,0,70,,11091,132,,,0,30,,11092,132,,,0,70,,11090,132,,,0,30,,11083,132,,,0,70,,11096,132,,,0,30,,11093,132,,,0,70,,11077,132,,,0,30,,11068,132,,,0,70,,11088,132,,,0,30,,11085,132,,,0,70,,11066,132,,,0,30,,11067,132,,,0,70,,11081,132,,,0,30,,11086,132,,,0,71,,11084,132,,,0,30,,11072,132,,,0,70,,11099,132,,,0,30,,11095,132,,,0,70,,11089,132,,,0,30,,11097,132,,,0,100,,11073,132,,,0,100,,11075,73,,,0,100,,11074,73,,,0,100,,11082,73,,,0,100,,11080,73,,,0
2000800,'749e498f-7e33-4303-8ce0-f7bae72749a0',932,,11101,76,,,0,100,,11118,73,,,0,100,,11117,73,,,0,100,,11119,73,,,0,100,,11112,73,,,0,100,,11120,73,,,0,100,,11104,73,,,0,100,,11125,73,,,0,100,,11103,73,,,0,100,,11124,73,,,0,100,,11109,73,,,0,100,,11121,73,,,0,100,,11108,73,,,0
2000800,'834e95da-96c6-4b8b-ab15-3ce7b44514e1',533,,11126,76,,,0,70,,11161,76,,,0,30,,11158,132,,,0,70,,11164,76,,,0,29,,11130,132,,,0,70,,11131,132,,,0,30,,11148,132,,,0,70,,11129,132,,,0,30,,11134,132,,,0,70,,11155,132,,,0,30,,11147,132,,,0,70,,11127,132,,,0,30,,11135,132,,,0,70,,11150,132,,,0,30,,11138,132,,,0,70,,11163,132,,,0,30,,11153,132,,,0,70,,11154,132,,,0,30,,11149,132,,,0,70,,11152,132,,,0,30,,11146,132,,,0,71,,11144,132,,,0,31,,11157,132,,,0,69,,11128,132,,,0,30,,11160,132,,,0,70,,11162,132,,,0,30,,11141,132,,,0,102,,11139,132,,,0,98,,11143,73,,,0,100,,11159,73,,,0,100,,11133,73,,,0,100,,11145,73,,,0
