1000,'00b4df37-9ead-4621-87b1-b10de39e7a53',839,,7745,150,,,0,98,,7753,150,,,0,100,,7748,150,,,0,100,,7750,150,,,0,100,,7747,150,,,0,100,,7740,150,,,0,100,,7752,150,,,0,100,,7741,150,,,0,100,,7746,150,,,0,101,,7742,150,,,0,100,,7743,150,,,0,100,,7751,150,,,0,100,,7749,150,,,0,100,,7744,150,,,0,100,,7739,150,,,0
1000,'1f462966-7865-4a53-81e8-bf17edfc4a48',609,,7759,150,,,0,30,,7787,150,,,0,70,,7769,150,,,0,30,,7767,150,,,0,68,,7783,150,,,0,30,,7754,150,,,0,70,,7758,150,,,0,30,,7768,150,,,0,70,,7756,150,,,0,30,,7760,150,,,0,70,,7757,150,,,0,30,,7780,150,,,0,70,,7766,150,,,0,30,,7761,150,,,0,70,,7774,150,,,0,30,,7775,150,,,0,70,,7772,150,,,0,30,,7777,150,,,0,70,,7771,150,,,0,30,,7776,150,,,0,70,,7764,150,,,0,30,,7778,150,,,0,71,,7770,150,,,0,30,,7785,150,,,0,70,,7782,150,,,0,30,,7763,150,,,0,70,,7765,150,,,0,30,,7786,150,,,0,70,,7784,150,,,0,30,,7788,150,,,0,70,,7781,150,,,0,30,,7773,150,,,0,70,,7779,150,,,0,100,,7762,150,,,0,100,,7755,150,,,0
1000,'750deb35-6d38-499c-8a21-680b50a42db7',839,,7791,150,,,0,98,,7800,150,,,0,100,,7792,150,,,0,100,,7794,150,,,0,100,,7790,150,,,0,100,,7803,150,,,0,100,,7799,150,,,0,100,,7802,150,,,0,100,,7796,150,,,0,101,,7801,150,,,0,100,,7798,150,,,0,100,,7793,150,,,0,100,,7797,150,,,0,100,,7795,150,,,0,100,,7789,150,,,0
1000,'b8cf426a-e7c2-4b1e-a046-1a350c71ef6f',739,,7831,150,,,0,68,,7819,150,,,0,30,,7807,150,,,0,70,,7812,150,,,0,30,,7823,150,,,0,70,,7824,150,,,0,30,,7829,150,,,0,70,,7814,150,,,0,30,,7832,150,,,0,70,,7833,150,,,0,30,,7806,150,,,0,70,,7830,150,,,0,30,,7820,150,,,0,70,,7835,150,,,0,30,,7810,150,,,0,70,,7815,150,,,0,30,,7821,150,,,0,70,,7826,150,,,0,30,,7811,150,,,0,71,,7818,150,,,0,30,,7828,150,,,0,70,,7804,150,,,0,30,,7825,150,,,0,70,,7808,150,,,0,30,,7816,150,,,0,70,,7809,150,,,0,30,,7822,150,,,0,70,,7827,150,,,0,30,,7813,150,,,0,70,,7805,150,,,0,100,,7834,150,,,0,100,,7817,150,,,0
1000,'eff94312-f97b-4885-9572-54f138618b00',839,,7839,150,,,0,98,,7845,150,,,0,100,,7842,150,,,0,100,,7840,150,,,0,100,,7837,150,,,0,100,,7838,150,,,0,100,,7847,150,,,0,100,,7846,150,,,0,100,,7850,150,,,0,101,,7848,150,,,0,100,,7836,150,,,0,100,,7841,150,,,0,100,,7843,150,,,0,100,,7844,150,,,0,100,,7849,150,,,0
2000800,'00b4df37-9ead-4621-87b1-b10de39e7a53',931,,9276,73,,,0,100,,9284,70,,,0,100,,9280,70,,,0,100,,9289,70,,,0,100,,9282,70,,,0,100,,9275,70,,,0,100,,9268,70,,,0,100,,9279,70,,,0,100,,9288,70,,,0,100,,9286,70,,,0,100,,9283,70,,,0,100,,9277,70,,,0,100,,9285,70,,,0
2000800,'1f462966-7865-4a53-81e8-bf17edfc4a48',532,,9299,73,,,0,70,,9308,73,,,0,30,,9302,129,,,0,70,,9322,73,,,0,29,,9321,129,,,0,70,,9331,129,,,0,30,,9328,129,,,0,70,,9309,129,,,0,30,,9306,129,,,0,70,,9312,129,,,0,30,,9311,129,,,0,70,,9318,129,,,0,30,,9293,129,,,0,70,,9305,129,,,0,30,,9320,129,,,0,70,,9313,129,,,0,30,,9304,129,,,0,70,,9296,129,,,0,30,,9330,129,,,0,70,,9319,129,,,0,30,,9326,129,,,0,71,,9294,129,,,0,31,,9329,129,,,0,69,,9314,129,,,0,30,,9307,129,,,0,70,,9316,129,,,0,30,,9300,129,,,0,102,,9297,129,,,0,98,,9315,70,,,0,100,,9323,70,,,0,100,,9310,70,,,0,100,,9298,70,,,0
2000800,'750deb35-6d38-499c-8a21-680b50a42db7',931,,9342,73,,,0,100,,9335,70,,,0,100,,9334,70,,,0,100,,9345,70,,,0,100,,9347,70,,,0,100,,9339,70,,,0,100,,9348,70,,,0,100,,9344,70,,,0,100,,9340,70,,,0,100,,9350,70,,,0,100,,9351,70,,,0,100,,9346,70,,,0,100,,9355,70,,,0
2000800,'b8cf426a-e7c2-4b1e-a046-1a350c71ef6f',702,,9388,70,,,0,29,,9383,70,,,0,70,,9392,70,,,0,30,,9371,129,,,0,70,,9358,129,,,0,30,,9360,129,,,0,70,,9380,129,,,0,30,,9376,129,,,0,70,,9382,129,,,0,30,,9386,129,,,0,70,,9364,129,,,0,30,,9377,129,,,0,70,,9378,129,,,0,30,,9361,129,,,0,70,,9389,129,,,0,30,,9374,129,,,0,70,,9367,129,,,0,30,,9384,129,,,0,71,,9369,129,,,0,30,,9372,129,,,0,70,,9387,129,,,0,30,,9379,129,,,0,70,,9390,129,,,0,30,,9373,129,,,0,100,,9365,129,,,0,100,,9366,70,,,0,100,,9370,70,,,0,100,,9362,70,,,0,100,,9363,70,,,0
2000800,'eff94312-f97b-4885-9572-54f138618b00',931,,9395,73,,,0,100,,9409,70,,,0,100,,9401,70,,,0,100,,9399,70,,,0,100,,9402,70,,,0,100,,9415,70,,,0,100,,9403,70,,,0,100,,9408,70,,,0,100,,9396,70,,,0,100,,9417,70,,,0,100,,9394,70,,,0,100,,9397,70,,,0,100,,9412,70,,,0
