10100,'00b4df37-9ead-4621-87b1-b10de39e7a53',755,,8141,144,,,0,85,,8136,144,,,0,85,,8139,144,,,0,85,,8128,144,,,0,45,,8120,144,,,0,85,,8121,144,,,0,62,,8133,144,,,0,23,,8143,144,,,0,28,,8124,144,,,0,63,,8135,144,,,0,28,,8147,144,,,0,65,,8134,144,,,0,26,,8123,144,,,0,65,,8144,144,,,0,26,,8127,144,,,0,25,,8145,144,,,0,66,,8140,144,,,0,24,,8130,144,,,0,64,,8126,144,,,0,24,,8129,144,,,0,24,,8131,144,,,0,64,,8142,144,,,0,90,,8137,144,,,0,48,,8132,144,,,0,86,,8146,144,,,0,86,,8138,144,,,0,86,,8125,144,,,0,46,,8122,144,,,0
10100,'1f462966-7865-4a53-81e8-bf17edfc4a48',740,,8157,144,,,0,62,,8150,144,,,0,23,,8154,144,,,0,22,,8174,144,,,0,63,,8153,144,,,0,22,,8182,144,,,0,23,,8177,144,,,0,62,,8167,144,,,0,23,,8178,144,,,0,62,,8161,144,,,0,29,,8181,144,,,0,24,,8155,144,,,0,66,,8176,144,,,0,25,,8184,144,,,0,66,,8160,144,,,0,25,,8169,144,,,0,66,,8180,144,,,0,27,,8159,144,,,0,27,,8166,144,,,0,66,,8158,144,,,0,26,,8164,144,,,0,66,,8163,144,,,0,26,,8165,144,,,0,62,,8183,144,,,0,26,,8173,144,,,0,24,,8179,144,,,0,64,,8172,144,,,0,24,,8152,144,,,0,64,,8151,144,,,0,24,,8148,144,,,0,24,,8168,144,,,0,64,,8170,144,,,0,24,,8149,144,,,0,62,,8156,144,,,0,24,,8171,144,,,0,24,,8175,144,,,0,85,,8162,144,,,0
10100,'750deb35-6d38-499c-8a21-680b50a42db7',755,,8201,144,,,0,85,,8186,144,,,0,85,,8200,144,,,0,85,,8185,144,,,0,45,,8188,144,,,0,85,,8195,144,,,0,62,,8193,144,,,0,23,,8190,144,,,0,28,,8203,144,,,0,63,,8199,144,,,0,28,,8210,144,,,0,65,,8197,144,,,0,26,,8202,144,,,0,65,,8198,144,,,0,26,,8212,144,,,0,25,,8206,144,,,0,66,,8205,144,,,0,24,,8189,144,,,0,64,,8194,144,,,0,24,,8196,144,,,0,24,,8204,144,,,0,64,,8211,144,,,0,90,,8192,144,,,0,48,,8187,144,,,0,86,,8207,144,,,0,86,,8191,144,,,0,86,,8208,144,,,0,46,,8209,144,,,0
10100,'b8cf426a-e7c2-4b1e-a046-1a350c71ef6f',750,,8223,144,,,0,85,,8235,144,,,0,22,,8233,144,,,0,63,,8227,144,,,0,22,,8229,144,,,0,63,,8242,144,,,0,22,,8239,144,,,0,23,,8216,144,,,0,62,,8243,144,,,0,23,,8232,144,,,0,22,,8238,144,,,0,63,,8224,144,,,0,22,,8228,144,,,0,63,,8244,144,,,0,28,,8245,144,,,0,25,,8215,144,,,0,65,,8213,144,,,0,26,,8240,144,,,0,67,,8214,144,,,0,26,,8246,144,,,0,65,,8234,144,,,0,26,,8226,144,,,0,25,,8225,144,,,0,66,,8236,144,,,0,25,,8241,144,,,0,66,,8248,144,,,0,25,,8220,144,,,0,66,,8218,144,,,0,22,,8231,144,,,0,26,,8219,144,,,0,64,,8221,144,,,0,24,,8247,144,,,0,62,,8217,144,,,0,24,,8230,144,,,0,23,,8222,144,,,0,90,,8237,144,,,0
10100,'eff94312-f97b-4885-9572-54f138618b00',755,,8251,144,,,0,85,,8250,144,,,0,85,,8275,144,,,0,85,,8273,144,,,0,45,,8271,144,,,0,85,,8258,144,,,0,62,,8257,144,,,0,23,,8253,144,,,0,28,,8270,144,,,0,63,,8255,144,,,0,28,,8268,144,,,0,65,,8267,144,,,0,26,,8259,144,,,0,65,,8276,144,,,0,26,,8260,144,,,0,25,,8262,144,,,0,66,,8256,144,,,0,24,,8254,144,,,0,64,,8274,144,,,0,24,,8269,144,,,0,24,,8252,144,,,0,64,,8249,144,,,0,90,,8272,144,,,0,48,,8263,144,,,0,86,,8264,144,,,0,86,,8265,144,,,0,86,,8266,144,,,0,46,,8261,144,,,0
2001200,'00b4df37-9ead-4621-87b1-b10de39e7a53',811,,9534,15,,,0,100,,9537,15,,,0,100,,9539,15,,,0,100,,9527,15,,,0,103,,9528,15,,,0,107,,9531,15,,,0,100,,9538,15,,,0,110,,9535,15,,,0,100,,9540,15,,,0,110,,9529,15,,,0,100,,9533,15,,,0,101,,9532,15,,,0,100,,9530,15,,,0,102,,9536,15,,,0
2001200,'1f462966-7865-4a53-81e8-bf17edfc4a48',517,,9568,15,,,0,35,,9556,15,,,0,60,,9552,15,,,0,29,,9564,15,,,0,72,,9566,15,,,0,34,,9547,15,,,0,73,,9542,15,,,0,30,,9559,15,,,0,75,,9551,15,,,0,75,,9555,15,,,0,30,,9543,15,,,0,70,,9563,15,,,0,35,,9544,15,,,0,76,,9572,15,,,0,30,,9557,15,,,0,70,,9541,15,,,0,35,,9550,15,,,0,75,,9546,15,,,0,36,,9553,15,,,0,75,,9570,15,,,0,75,,9565,15,,,0,35,,9561,15,,,0,75,,9562,15,,,0,35,,9569,15,,,0,75,,9558,15,,,0,25,,9548,15,,,0,75,,9554,15,,,0,75,,9549,15,,,0,35,,9573,15,,,0,70,,9560,15,,,0,30,,9567,15,,,0,100,,9545,15,,,0,100,,9571,15,,,0
2001200,'750deb35-6d38-499c-8a21-680b50a42db7',811,,9582,15,,,0,100,,9586,15,,,0,100,,9575,15,,,0,100,,9577,15,,,0,103,,9580,15,,,0,107,,9578,15,,,0,100,,9579,15,,,0,110,,9583,15,,,0,100,,9581,15,,,0,110,,9585,15,,,0,100,,9584,15,,,0,101,,9587,15,,,0,100,,9576,15,,,0,102,,9574,15,,,0
2001200,'b8cf426a-e7c2-4b1e-a046-1a350c71ef6f',624,,9608,15,,,0,30,,9615,15,,,0,70,,9610,15,,,0,31,,9588,15,,,0,70,,9604,15,,,0,30,,9614,15,,,0,70,,9591,15,,,0,30,,9617,15,,,0,73,,9595,15,,,0,30,,9618,15,,,0,70,,9601,15,,,0,82,,9602,15,,,0,30,,9589,15,,,0,70,,9597,15,,,0,30,,9607,15,,,0,79,,9606,15,,,0,30,,9613,15,,,0,70,,9611,15,,,0,30,,9590,15,,,0,80,,9598,15,,,0,30,,9603,15,,,0,70,,9612,15,,,0,30,,9594,15,,,0,81,,9596,15,,,0,70,,9592,15,,,0,30,,9605,15,,,0,70,,9609,15,,,0,30,,9619,15,,,0,70,,9593,15,,,0,30,,9616,15,,,0,100,,9600,15,,,0,100,,9599,15,,,0
2001200,'eff94312-f97b-4885-9572-54f138618b00',811,,9630,15,,,0,100,,9623,15,,,0,100,,9626,15,,,0,100,,9624,15,,,0,103,,9632,15,,,0,107,,9627,15,,,0,100,,9633,15,,,0,110,,9629,15,,,0,100,,9628,15,,,0,110,,9620,15,,,0,100,,9622,15,,,0,101,,9621,15,,,0,100,,9625,15,,,0,102,,9631,15,,,0
