2000200,'00b4df37-9ead-4621-87b1-b10de39e7a53',920,,9062,141,,,0,100,,9055,141,,,0,30,,9059,141,,,0,100,,9064,141,,,0,71,,9048,141,,,0,100,,9058,141,,,0,30,,9060,141,,,0,100,,9065,141,,,0,70,,9056,141,,,0,100,,9053,141,,,0,30,,9061,141,,,0,100,,9057,141,,,0,70,,9049,141,,,0,99,,9063,141,,,0,30,,9052,141,,,0,100,,9050,141,,,0,68,,9054,141,,,0,100,,9051,141,,,0
2000200,'1f462966-7865-4a53-81e8-bf17edfc4a48',622,,9090,141,,,0,30,,9068,141,,,0,70,,9085,141,,,0,30,,9073,141,,,0,70,,9076,141,,,0,30,,9081,141,,,0,70,,9086,141,,,0,30,,9079,141,,,0,70,,9066,141,,,0,30,,9069,141,,,0,70,,9089,141,,,0,31,,9097,141,,,0,70,,9071,141,,,0,30,,9088,141,,,0,70,,9093,141,,,0,30,,9067,141,,,0,70,,9094,141,,,0,30,,9087,141,,,0,69,,9084,141,,,0,30,,9092,141,,,0,70,,9082,141,,,0,30,,9075,141,,,0,70,,9072,141,,,0,30,,9078,141,,,0,70,,9083,141,,,0,27,,9070,141,,,0,70,,9074,141,,,0,30,,9080,141,,,0,70,,9096,141,,,0,100,,9095,141,,,0,30,,9077,141,,,0,100,,9091,141,,,0
2000200,'750deb35-6d38-499c-8a21-680b50a42db7',920,,9111,141,,,0,100,,9108,141,,,0,30,,9100,141,,,0,100,,9115,141,,,0,71,,9114,141,,,0,100,,9107,141,,,0,30,,9110,141,,,0,100,,9113,141,,,0,70,,9099,141,,,0,100,,9102,141,,,0,30,,9103,141,,,0,100,,9112,141,,,0,70,,9104,141,,,0,99,,9101,141,,,0,30,,9105,141,,,0,100,,9098,141,,,0,68,,9109,141,,,0,100,,9106,141,,,0
2000200,'b8cf426a-e7c2-4b1e-a046-1a350c71ef6f',720,,9122,141,,,0,30,,9142,141,,,0,70,,9139,141,,,0,30,,9134,141,,,0,70,,9129,141,,,0,30,,9127,141,,,0,70,,9128,141,,,0,30,,9119,141,,,0,70,,9144,141,,,0,30,,9126,141,,,0,70,,9138,141,,,0,31,,9135,141,,,0,70,,9140,141,,,0,30,,9143,141,,,0,70,,9124,141,,,0,30,,9120,141,,,0,70,,9136,141,,,0,30,,9116,141,,,0,70,,9141,141,,,0,30,,9132,141,,,0,70,,9121,141,,,0,30,,9117,141,,,0,70,,9125,141,,,0,30,,9133,141,,,0,70,,9123,141,,,0,29,,9130,141,,,0,70,,9137,141,,,0,100,,9145,141,,,0,28,,9118,141,,,0,100,,9131,141,,,0
2000200,'eff94312-f97b-4885-9572-54f138618b00',920,,9152,141,,,0,100,,9156,141,,,0,30,,9159,141,,,0,100,,9155,141,,,0,71,,9150,141,,,0,100,,9148,141,,,0,30,,9160,141,,,0,100,,9149,141,,,0,70,,9147,141,,,0,100,,9163,141,,,0,30,,9158,141,,,0,100,,9146,141,,,0,70,,9157,141,,,0,99,,9151,141,,,0,30,,9161,141,,,0,100,,9162,141,,,0,68,,9154,141,,,0,100,,9153,141,,,0
2000801,'00b4df37-9ead-4621-87b1-b10de39e7a53',951,,9432,125,,,0,100,,9424,246,,,0,99,,9433,246,,,0,100,,9422,246,,,0,100,,9420,246,,,0,100,,9426,246,,,0,100,,9425,246,,,0,100,,9431,246,,,0,96,,9429,246,,,0,100,,9423,246,,,0,100,,9428,246,,,0,99,,9427,246,,,0,100,,9421,246,,,0
2000801,'1f462966-7865-4a53-81e8-bf17edfc4a48',526,,9465,125,,,0,100,,9439,125,,,0,21,,9463,246,,,0,70,,9455,246,,,0,30,,9458,200,,,0,70,,9440,246,,,0,32,,9442,246,,,0,70,,9441,246,,,0,29,,9443,246,,,0,70,,9456,246,,,0,30,,9462,246,,,0,72,,9445,246,,,0,30,,9438,246,,,0,70,,9466,246,,,0,31,,9461,246,,,0,70,,9434,246,,,0,30,,9452,246,,,0,70,,9444,246,,,0,30,,9437,200,,,0,73,,9459,246,,,0,30,,9454,246,,,0,70,,9449,246,,,0,30,,9453,246,,,0,71,,9451,246,,,0,31,,9435,246,,,0,67,,9446,246,,,0,28,,9436,246,,,0,101,,9450,246,,,0,100,,9457,246,,,0,95,,9447,246,,,0,100,,9467,246,,,0,100,,9448,246,,,0
2000801,'750deb35-6d38-499c-8a21-680b50a42db7',951,,9469,125,,,0,100,,9468,246,,,0,99,,9481,246,,,0,100,,9472,246,,,0,100,,9479,246,,,0,100,,9473,246,,,0,100,,9476,246,,,0,100,,9480,246,,,0,96,,9475,246,,,0,100,,9478,246,,,0,100,,9474,246,,,0,99,,9477,246,,,0,100,,9470,246,,,0
2000801,'b8cf426a-e7c2-4b1e-a046-1a350c71ef6f',717,,9486,125,,,0,30,,9502,125,,,0,70,,9508,246,,,0,32,,9498,246,,,0,70,,9493,246,,,0,29,,9487,246,,,0,70,,9504,246,,,0,32,,9510,246,,,0,70,,9509,246,,,0,30,,9495,246,,,0,70,,9512,246,,,0,31,,9511,246,,,0,70,,9494,246,,,0,30,,9492,246,,,0,70,,9503,246,,,0,30,,9488,246,,,0,70,,9491,246,,,0,30,,9482,246,,,0,70,,9490,246,,,0,30,,9500,246,,,0,72,,9485,246,,,0,31,,9489,246,,,0,69,,9483,246,,,0,28,,9497,246,,,0,101,,9484,246,,,0,100,,9501,246,,,0,95,,9496,246,,,0,100,,9499,246,,,0,100,,9507,246,,,0
2000801,'eff94312-f97b-4885-9572-54f138618b00',951,,9515,125,,,0,100,,9520,246,,,0,99,,9521,246,,,0,100,,9525,246,,,0,100,,9522,246,,,0,100,,9523,246,,,0,100,,9519,246,,,0,100,,9518,246,,,0,96,,9513,246,,,0,100,,9517,246,,,0,100,,9526,246,,,0,99,,9514,246,,,0,100,,9524,246,,,0
