10100,'14cacc28-2982-4249-a540-ea9272e9dd35',757,,10055,147,,,0,85,,10062,147,,,0,85,,10063,147,,,0,85,,10043,147,,,0,45,,10052,147,,,0,85,,10039,147,,,0,62,,10048,147,,,0,23,,10042,147,,,0,28,,10059,147,,,0,63,,10058,147,,,0,28,,10038,147,,,0,65,,10061,147,,,0,26,,10051,147,,,0,65,,10041,147,,,0,26,,10050,147,,,0,25,,10049,147,,,0,66,,10065,147,,,0,24,,10053,147,,,0,64,,10044,147,,,0,24,,10047,147,,,0,24,,10056,147,,,0,64,,10045,147,,,0,90,,10057,147,,,0,48,,10054,147,,,0,86,,10046,147,,,0,86,,10064,147,,,0,86,,10040,147,,,0,86,,10060,147,,,0
10100,'4b878b9a-e140-4079-87b4-3f561c421168',752,,10094,147,,,0,85,,10068,147,,,0,22,,10088,147,,,0,63,,10074,147,,,0,22,,10077,147,,,0,63,,10100,147,,,0,22,,10093,147,,,0,23,,10092,147,,,0,62,,10083,147,,,0,23,,10071,147,,,0,22,,10067,147,,,0,63,,10082,147,,,0,22,,10076,147,,,0,63,,10090,147,,,0,28,,10099,147,,,0,65,,10070,147,,,0,25,,10081,147,,,0,26,,10098,147,,,0,67,,10066,147,,,0,26,,10072,147,,,0,65,,10080,147,,,0,26,,10085,147,,,0,65,,10073,147,,,0,26,,10091,147,,,0,25,,10069,147,,,0,66,,10078,147,,,0,25,,10097,147,,,0,66,,10095,147,,,0,22,,10089,147,,,0,26,,10087,147,,,0,64,,10086,147,,,0,24,,10096,147,,,0,62,,10084,147,,,0,24,,10079,147,,,0,23,,10075,147,,,0,90,,10101,147,,,0
10100,'749e498f-7e33-4303-8ce0-f7bae72749a0',757,,10120,147,,,0,85,,10127,147,,,0,85,,10103,147,,,0,85,,10116,147,,,0,45,,10106,147,,,0,85,,10112,147,,,0,62,,10117,147,,,0,23,,10125,147,,,0,28,,10122,147,,,0,63,,10124,147,,,0,28,,10111,147,,,0,65,,10113,147,,,0,26,,10110,147,,,0,65,,10102,147,,,0,26,,10119,147,,,0,25,,10129,147,,,0,66,,10109,147,,,0,24,,10121,147,,,0,64,,10104,147,,,0,24,,10118,147,,,0,24,,10128,147,,,0,64,,10105,147,,,0,90,,10115,147,,,0,48,,10126,147,,,0,86,,10123,147,,,0,86,,10108,147,,,0,86,,10114,147,,,0,86,,10107,147,,,0
10100,'834e95da-96c6-4b8b-ab15-3ce7b44514e1',742,,10130,147,,,0,62,,10154,147,,,0,23,,10147,147,,,0,22,,10164,147,,,0,63,,10136,147,,,0,22,,10131,147,,,0,23,,10140,147,,,0,62,,10163,147,,,0,23,,10133,147,,,0,62,,10151,147,,,0,29,,10138,147,,,0,24,,10146,147,,,0,66,,10160,147,,,0,25,,10144,147,,,0,66,,10148,147,,,0,25,,10139,147,,,0,66,,10142,147,,,0,27,,10137,147,,,0,27,,10135,147,,,0,66,,10132,147,,,0,26,,10156,147,,,0,66,,10153,147,,,0,26,,10162,147,,,0,62,,10165,147,,,0,26,,10158,147,,,0,24,,10157,147,,,0,64,,10141,147,,,0,24,,10159,147,,,0,64,,10150,147,,,0,24,,10149,147,,,0,24,,10161,147,,,0,64,,10155,147,,,0,24,,10166,147,,,0,62,,10134,147,,,0,24,,10152,147,,,0,24,,10143,147,,,0,85,,10145,147,,,0
2000700,'14cacc28-2982-4249-a540-ea9272e9dd35',939,,10958,29,,,0,100,,10960,29,,,0,100,,10957,29,,,0,100,,10953,29,,,0,100,,10954,29,,,0,100,,10950,29,,,0,100,,10951,29,,,0,100,,10956,29,,,0,100,,10949,29,,,0,102,,10952,29,,,0,100,,10955,29,,,0,100,,10948,29,,,0,97,,10959,28,,,0
2000700,'4b878b9a-e140-4079-87b4-3f561c421168',641,,10961,29,,,0,70,,10970,29,,,0,30,,10969,29,,,0,70,,10980,29,,,0,30,,10986,29,,,0,70,,10987,29,,,0,28,,10990,29,,,0,70,,10984,29,,,0,30,,10973,29,,,0,70,,10979,29,,,0,30,,10975,29,,,0,70,,10963,29,,,0,30,,10978,29,,,0,70,,10991,29,,,0,30,,10983,29,,,0,70,,10971,29,,,0,30,,10965,29,,,0,70,,10964,29,,,0,30,,10985,29,,,0,70,,10989,29,,,0,30,,10962,29,,,0,70,,10988,29,,,0,30,,10968,29,,,0,70,,10977,29,,,0,31,,10982,29,,,0,71,,10967,29,,,0,30,,10972,29,,,0,100,,10976,29,,,0,97,,10966,29,,,0,100,,10981,29,,,0,100,,10974,28,,,0
2000700,'749e498f-7e33-4303-8ce0-f7bae72749a0',939,,10993,29,,,0,100,,10998,29,,,0,100,,11002,29,,,0,100,,10992,29,,,0,100,,10996,29,,,0,100,,11004,29,,,0,100,,10999,29,,,0,100,,10997,29,,,0,100,,10995,29,,,0,102,,11000,29,,,0,100,,11001,29,,,0,100,,11003,29,,,0,97,,10994,28,,,0
2000700,'834e95da-96c6-4b8b-ab15-3ce7b44514e1',541,,11021,29,,,0,70,,11025,29,,,0,30,,11031,29,,,0,70,,11027,29,,,0,30,,11017,29,,,0,65,,11014,29,,,0,35,,11029,29,,,0,65,,11026,29,,,0,33,,11032,29,,,0,70,,11007,29,,,0,30,,11033,29,,,0,70,,11035,29,,,0,30,,11015,29,,,0,70,,11023,29,,,0,30,,11005,29,,,0,70,,11037,29,,,0,30,,11028,29,,,0,70,,11012,29,,,0,30,,11011,29,,,0,70,,11010,29,,,0,30,,11013,29,,,0,70,,11034,29,,,0,30,,11008,29,,,0,70,,11024,29,,,0,29,,11006,29,,,0,70,,11016,29,,,0,32,,11030,29,,,0,70,,11020,29,,,0,32,,11036,29,,,0,98,,11018,29,,,0,99,,11019,29,,,0,96,,11022,29,,,0,104,,11009,28,,,0
2001200,'14cacc28-2982-4249-a540-ea9272e9dd35',815,,11264,21,,,0,100,,11266,21,,,0,100,,11267,21,,,0,100,,11265,21,,,0,103,,11271,21,,,0,107,,11260,21,,,0,100,,11258,21,,,0,110,,11263,21,,,0,100,,11270,21,,,0,110,,11268,21,,,0,100,,11261,21,,,0,100,,11259,21,,,0,100,,11269,21,,,0,102,,11262,21,,,0
2001200,'4b878b9a-e140-4079-87b4-3f561c421168',627,,11275,21,,,0,30,,11291,21,,,0,70,,11282,21,,,0,32,,11273,21,,,0,70,,11272,21,,,0,30,,11287,21,,,0,70,,11290,21,,,0,30,,11297,21,,,0,73,,11298,21,,,0,70,,11276,21,,,0,30,,11286,21,,,0,82,,11292,21,,,0,30,,11300,21,,,0,70,,11283,21,,,0,30,,11278,21,,,0,79,,11302,21,,,0,30,,11274,21,,,0,70,,11284,21,,,0,30,,11296,21,,,0,80,,11288,21,,,0,70,,11295,21,,,0,30,,11294,21,,,0,70,,11277,21,,,0,40,,11301,21,,,0,70,,11280,21,,,0,30,,11285,21,,,0,70,,11303,21,,,0,30,,11299,21,,,0,70,,11293,21,,,0,30,,11281,21,,,0,100,,11289,21,,,0,100,,11279,21,,,0
2001200,'749e498f-7e33-4303-8ce0-f7bae72749a0',815,,11308,21,,,0,100,,11317,21,,,0,100,,11310,21,,,0,100,,11311,21,,,0,103,,11314,21,,,0,107,,11312,21,,,0,100,,11309,21,,,0,110,,11313,21,,,0,100,,11306,21,,,0,110,,11304,21,,,0,100,,11307,21,,,0,100,,11315,21,,,0,100,,11305,21,,,0,102,,11316,21,,,0
2001200,'834e95da-96c6-4b8b-ab15-3ce7b44514e1',520,,11348,21,,,0,35,,11326,21,,,0,60,,11350,21,,,0,30,,11321,21,,,0,72,,11339,21,,,0,34,,11329,21,,,0,73,,11318,21,,,0,30,,11327,21,,,0,75,,11343,21,,,0,75,,11319,21,,,0,30,,11332,21,,,0,70,,11345,21,,,0,35,,11342,21,,,0,76,,11336,21,,,0,30,,11328,21,,,0,70,,11322,21,,,0,35,,11341,21,,,0,75,,11338,21,,,0,75,,11334,21,,,0,35,,11344,21,,,0,75,,11324,21,,,0,35,,11346,21,,,0,75,,11333,21,,,0,35,,11331,21,,,0,75,,11349,21,,,0,25,,11323,21,,,0,75,,11340,21,,,0,75,,11330,21,,,0,35,,11325,21,,,0,70,,11347,21,,,0,30,,11320,21,,,0,100,,11337,21,,,0,100,,11335,21,,,0
